#I/mA  #t/s #U/V
167.2     150       17.7
167.3     150    17.7
167.8     150    17.7
168.2     150    17.7
168.4     150    17.7
168.6     150    17.7
168.8     150    17.7
168.8     150    17.8
169.0     150    17.8
169.0     150    17.8
169.1     150    17.8
169.2     150    17.8
169.2     150    17.8
169.3     150    17.8
169.4     150    17.9
169.4     150    17.9
169.4     150    17.9
169.5     150    17.9
169.5     150    17.9
169.5     150    17.9
169.6     150    17.9
169.6     150    17.9
169.6     150    17.9
169.6     150    17.9
169.6     150    17.9
169.7      300    17.9
169.7      300    17.9
169.7      300    17.9
169.8      300    17.9
169.8      300    17.9
169.8      300    17.9
169.8      300    17.9
169.9      300    17.9
169.9      300    17.9
169.9      300    17.9
169.9      300    17.9
169.9      300    17.9
170.0      300    17.9
170.0      300    17.9
170.0      300    17.9
