#s/mm	#I/nA
-31       15
-30       188
-29       19
-28       20
-27       24
-26       27
-25       28
-24       41
-23       52
-22       63
-21       77
-20       95
-19       99
-18       118
-17       70
-16       170
-15       235
-14       255
-13       235
-12       280
-11       299
-10       305
-9        285
-8        265
-7        245
-6        225
-5        120
-4        116
-3        110
-2        65
-1        23
0       23
1       19
2       24
3       35
4       54
5       77
6       100
7       120
8       142
9       168
10        178
11        180
12        182
13        160
14        120
15        100
16        90
17        80
18        90
19        75
20        65
21        55
22        50
23        45
24        38
25        33
26        27
27        26
28        25
29        23
30        22
31        21
