105.000 5.249
110.000 1.484
115.000 4.123
120.000 4.791
125.000 4.928
130.000 5.886
135.000 2.835
140.000 5.180
145.000 10.280
150.000 11.181
155.000 6.199
160.000 9.426
165.000 7.282
170.000 10.493
175.000 7.339
180.000 7.581
185.000 7.744
190.000 14.017
195.000 9.362
200.000 12.548
205.000 7.235
210.000 8.547
215.000 7.105
220.000 13.001
225.000 6.247
230.000 8.422
235.000 10.088
240.000 7.205
245.000 3.876
250.000 5.029
255.000 4.649
260.000 4.819
265.000 4.535
270.000 7.999
275.000 8.534
280.000 5.447
285.000 10.836
290.000 7.813
295.000 8.384
300.000 6.592
305.000 5.338
310.000 4.341
315.000 4.337
320.000 7.048
325.000 4.466
330.000 4.578
335.000 5.182
340.000 4.528
345.000 30.815
350.000 40.218
355.000 0.201
360.000 0.000
365.000 0.000
370.000 0.817
375.000 2.323
380.000 0.000
385.000 0.105
390.000 0.001
395.000 1.213
400.000 0.794
405.000 1.108
410.000 1.083
415.000 0.703
420.000 1.715
425.000 1.490
430.000 1.465
435.000 2.483
440.000 2.401
445.000 2.658
450.000 1.931
455.000 2.003
460.000 1.737
465.000 2.315
470.000 1.639
475.000 2.516
480.000 1.897
485.000 1.009
490.000 4.873
495.000 3.324
500.000 4.520
505.000 5.393
510.000 4.789
515.000 1.743
520.000 2.626
525.000 2.913
530.000 3.206
535.000 2.183
540.000 2.507
545.000 2.205
550.000 2.772
555.000 2.377
560.000 3.250
565.000 1.999
570.000 3.062
575.000 3.047
580.000 2.757
585.000 1.702
590.000 2.537
595.000 2.828
600.000 3.140
605.000 2.970
610.000 3.449
615.000 2.213
620.000 2.674
625.000 2.136
630.000 3.311
635.000 6.990
640.000 3.707
645.000 5.024
650.000 3.707
655.000 1.776
660.000 4.132
665.000 3.072
670.000 1.691
675.000 1.621
680.000 2.047
685.000 2.068
690.000 2.942
695.000 3.363
700.000 18.634
705.000 33.479
710.000 26.023
715.000 1.049
720.000 2.047
725.000 2.916
730.000 2.180
735.000 1.529
740.000 1.341
745.000 1.742
750.000 1.300
755.000 1.716
760.000 2.176
765.000 1.412
770.000 1.442
775.000 1.656
780.000 2.732
785.000 1.794
790.000 4.232
795.000 3.808
800.000 2.028
805.000 1.728
810.000 2.577
815.000 1.829
820.000 1.809
825.000 1.968
830.000 1.930
835.000 1.616
840.000 1.086
845.000 2.133
850.000 2.288
855.000 1.802
860.000 3.565
865.000 2.830
870.000 2.500
875.000 1.320
880.000 1.912
885.000 1.612
890.000 1.765
895.000 1.606
900.000 1.862
905.000 2.046
910.000 1.943
915.000 5.502
920.000 2.574
925.000 1.740
930.000 1.645
935.000 2.049
940.000 1.606
945.000 2.678
950.000 2.802
955.000 1.565
960.000 2.871
965.000 2.262
970.000 1.859
975.000 2.022
980.000 2.189
985.000 2.473
990.000 1.710
995.000 3.495
1000.000 3.133
1005.000 2.877
1010.000 3.614
1015.000 4.112
1020.000 3.436
1025.000 0.889
1030.000 1.607
1035.000 1.968
1040.000 1.604
1045.000 1.968
1050.000 1.376
1055.000 1.581
1060.000 1.282
1065.000 1.918
1070.000 1.372
1075.000 1.632
1080.000 2.214
1085.000 2.035
1090.000 2.237
1095.000 1.500
1100.000 1.027
1105.000 1.923
1110.000 1.774
1115.000 1.965
1120.000 1.811
1125.000 1.514
1130.000 1.773
1135.000 1.885
1140.000 2.359
1145.000 2.873
1150.000 1.386
1155.000 1.862
1160.000 1.447
1165.000 1.022
1170.000 1.394
1175.000 1.967
1180.000 2.054
1185.000 1.142
1190.000 1.156
1195.000 1.016
1200.000 1.825
1205.000 2.709
1210.000 2.167
1215.000 1.916
1220.000 1.171
1225.000 1.548
1230.000 1.783
1235.000 1.737
1240.000 1.778
1245.000 1.418
1250.000 1.435
1255.000 1.304
1260.000 1.892
1265.000 2.556
1270.000 2.229
1275.000 1.457
1280.000 1.457
1285.000 0.948
1290.000 0.958
1295.000 1.930
1300.000 1.531
1305.000 2.294
1310.000 1.602
1315.000 1.011
1320.000 1.245
1325.000 1.612
1330.000 1.764
1335.000 1.652
1340.000 0.993
1345.000 1.122
1350.000 1.476
1355.000 1.425
1360.000 1.224
1365.000 2.036
1370.000 1.427
1375.000 0.913
1380.000 1.027
1385.000 1.444
1390.000 1.391
1395.000 2.123
1400.000 1.062
1405.000 1.178
1410.000 1.260
1415.000 1.377
1420.000 1.944
1425.000 1.362
1430.000 1.228
1435.000 1.244
1440.000 1.618
1445.000 1.401
1450.000 0.841
1455.000 1.246
1460.000 1.363
1465.000 1.699
1470.000 1.328
1475.000 1.511
1480.000 1.238
1485.000 1.016
1490.000 2.415
1495.000 1.294
1500.000 1.843
1505.000 1.250
1510.000 1.159
1515.000 1.483
1520.000 1.850
1525.000 1.669
1530.000 1.663
1535.000 1.650
1540.000 1.524
1545.000 1.246
1550.000 1.953
1555.000 1.695
1560.000 2.574
1565.000 0.689
1570.000 0.977
1575.000 0.788
1580.000 1.376
1585.000 1.894
1590.000 1.932
1595.000 2.123
1600.000 0.988
1605.000 1.079
1610.000 1.056
1615.000 1.667
1620.000 1.674
1625.000 2.009
1630.000 1.403
1635.000 0.953
1640.000 1.276
1645.000 1.534
1650.000 2.747
1655.000 2.666
1660.000 2.781
1665.000 2.321
1670.000 1.498
1675.000 1.646
1680.000 1.471
1685.000 1.878
1690.000 1.296
1695.000 1.158
1700.000 1.082
1705.000 1.207
1710.000 2.091
1715.000 1.977
1720.000 1.762
1725.000 12.128
1730.000 33.878
1735.000 15.890
1740.000 0.012
1745.000 0.159
1750.000 0.123
1755.000 0.003
1760.000 2.073
1765.000 1.120
1770.000 0.308
1775.000 0.261
1780.000 0.436
1785.000 0.517
1790.000 0.572
1795.000 0.781
1800.000 0.703
1805.000 0.746
1810.000 0.970
1815.000 1.026
1820.000 0.884
1825.000 1.275
1830.000 0.529
1835.000 0.774
1840.000 1.349
1845.000 0.820
1850.000 1.538
1855.000 0.953
1860.000 1.003
1865.000 5.292
1870.000 2.069
1875.000 2.628
1880.000 1.725
1885.000 1.282
1890.000 1.223
1895.000 0.780
1900.000 0.970
1905.000 1.205
1910.000 1.061
1915.000 1.026
1920.000 0.693
1925.000 1.015
1930.000 0.571
1935.000 0.852
1940.000 1.367
1945.000 1.342
1950.000 1.298
1955.000 0.998
1960.000 0.791
1965.000 1.302
1970.000 0.802
1975.000 0.654
1980.000 0.969
1985.000 0.832
1990.000 0.607
1995.000 0.986
2000.000 0.891
2005.000 1.258
2010.000 1.149
2015.000 0.831
2020.000 1.436
2025.000 1.905
2030.000 1.196
2035.000 0.562
2040.000 1.282
2045.000 0.908
2050.000 0.895
2055.000 0.674
2060.000 0.814
2065.000 0.860
2070.000 1.519
2075.000 9.980
2080.000 27.442
2085.000 16.679
2090.000 1.261
2095.000 0.658
2100.000 1.211
2105.000 2.421
2110.000 1.058
2115.000 1.871
2120.000 0.993
2125.000 0.307
2130.000 0.278
2135.000 0.572
2140.000 0.650
2145.000 0.317
2150.000 0.273
2155.000 0.803
2160.000 1.079
2165.000 0.930
2170.000 0.452
2175.000 0.413
2180.000 0.508
2185.000 0.563
2190.000 0.984
2195.000 0.724
2200.000 1.210
2205.000 1.209
2210.000 0.882
2215.000 0.821
2220.000 0.699
2225.000 1.406
2230.000 1.043
2235.000 1.199
2240.000 1.279
2245.000 1.002
2250.000 0.731
2255.000 0.911
2260.000 1.293
2265.000 1.029
2270.000 1.569
2275.000 0.920
2280.000 0.962
2285.000 1.141
2290.000 1.089
2295.000 1.160
2300.000 1.302
2305.000 1.016
2310.000 0.860
2315.000 1.055
2320.000 1.249
2325.000 1.649
2330.000 1.016
2335.000 1.387
2340.000 1.141
2345.000 0.516
2350.000 1.534
2355.000 1.405
2360.000 1.503
2365.000 1.105
2370.000 1.052
2375.000 0.928
2380.000 1.392
2385.000 1.236
2390.000 1.181
2395.000 1.384
2400.000 1.120
2405.000 0.931
2410.000 1.287
2415.000 1.250
2420.000 1.323
2425.000 1.006
2430.000 2.428
2435.000 26.936
2440.000 7.207
2445.000 0.001
2450.000 0.218
2455.000 0.272
2460.000 0.852
2465.000 3.464
2470.000 0.994
2475.000 0.210
2480.000 0.252
2485.000 0.389
2490.000 0.455
2495.000 0.531
2500.000 0.718
2505.000 0.556
2510.000 0.703
2515.000 1.035
2520.000 0.599
2525.000 0.527
2530.000 0.633
2535.000 0.580
2540.000 0.821
2545.000 0.978
2550.000 0.951
2555.000 0.832
2560.000 0.846
2565.000 0.602
2570.000 0.721
2575.000 0.842
2580.000 0.791
2585.000 0.944
2590.000 0.937
2595.000 1.881
2600.000 0.870
2605.000 0.956
2610.000 0.981
2615.000 1.318
2620.000 0.766
2625.000 0.834
2630.000 0.793
2635.000 0.435
2640.000 0.880
2645.000 0.978
2650.000 1.295
2655.000 1.076
2660.000 1.059
2665.000 0.650
2670.000 1.042
2675.000 1.207
2680.000 0.757
2685.000 1.217
2690.000 0.840
2695.000 0.794
2700.000 0.784
2705.000 1.040
2710.000 0.790
2715.000 1.263
2720.000 0.877
2725.000 0.758
2730.000 0.626
2735.000 1.147
2740.000 1.234
2745.000 1.259
2750.000 0.935
2755.000 0.699
2760.000 0.850
2765.000 0.642
2770.000 1.107
2775.000 0.746
2780.000 0.993
2785.000 10.034
2790.000 21.592
2795.000 5.989
2800.000 1.166
2805.000 1.130
2810.000 1.324
2815.000 0.726
2820.000 0.988
2825.000 0.735
2830.000 1.006
2835.000 1.187
2840.000 1.029
2845.000 1.160
2850.000 0.779
2855.000 1.468
2860.000 1.080
2865.000 1.190
2870.000 1.683
2875.000 0.852
2880.000 1.135
2885.000 0.557
2890.000 0.835
2895.000 0.921
2900.000 0.793
2905.000 0.800
2910.000 1.052
2915.000 0.832
2920.000 0.893
2925.000 1.237
2930.000 0.987
2935.000 1.424
2940.000 0.916
2945.000 0.727
2950.000 0.429
2955.000 0.771
2960.000 0.795
2965.000 1.418
2970.000 1.045
2975.000 1.013
2980.000 0.872
2985.000 0.598
2990.000 0.701
2995.000 1.143
3000.000 0.949
3005.000 1.218
3010.000 0.916
3015.000 0.527
3020.000 0.761
3025.000 0.897
3030.000 1.055
3035.000 1.225
3040.000 0.877
3045.000 1.222
3050.000 0.736
3055.000 0.944
3060.000 1.115
3065.000 0.979
3070.000 0.856
3075.000 0.738
3080.000 0.789
3085.000 0.510
3090.000 1.216
3095.000 0.798
3100.000 0.906
3105.000 1.098
3110.000 0.874
3115.000 0.797
3120.000 1.137
3125.000 0.770
3130.000 0.971
3135.000 0.886
3140.000 0.819
3145.000 0.573
3150.000 1.009
3155.000 0.613
3160.000 1.002
3165.000 0.635
3170.000 0.593
3175.000 0.303
3180.000 0.652
3185.000 1.118
3190.000 0.894
3195.000 1.126
3200.000 0.782
3205.000 0.613
3210.000 0.813
3215.000 1.144
3220.000 0.988
3225.000 1.005
3230.000 0.709
3235.000 0.708
3240.000 0.741
3245.000 1.052
3250.000 0.991
3255.000 1.073
3260.000 0.982
3265.000 0.649
3270.000 0.624
3275.000 0.934
3280.000 1.002
3285.000 0.683
3290.000 0.728
3295.000 0.484
3300.000 0.886
3305.000 0.749
3310.000 0.540
3315.000 0.878
3320.000 0.791
3325.000 1.032
3330.000 1.076
3335.000 0.775
3340.000 0.577
3345.000 0.848
3350.000 0.863
3355.000 1.191
3360.000 0.938
3365.000 0.430
3370.000 0.911
3375.000 0.832
3380.000 1.046
3385.000 0.701
3390.000 1.405
3395.000 0.535
3400.000 0.570
3405.000 0.607
3410.000 0.862
3415.000 1.010
3420.000 0.985
3425.000 0.809
3430.000 0.790
3435.000 0.748
3440.000 1.310
3445.000 0.745
3450.000 0.891
3455.000 1.002
3460.000 0.615
3465.000 0.967
3470.000 0.745
3475.000 0.688
3480.000 0.631
3485.000 0.571
3490.000 0.564
3495.000 1.109
3500.000 0.955
3505.000 1.003
3510.000 0.798
3515.000 0.553
3520.000 0.837
3525.000 0.666
3530.000 0.638
3535.000 1.068
3540.000 0.581
3545.000 0.987
3550.000 1.014
3555.000 0.894
3560.000 0.669
3565.000 0.680
3570.000 0.569
3575.000 0.607
3580.000 1.006
3585.000 0.688
3590.000 0.869
3595.000 0.912
3600.000 0.484
3605.000 0.694
3610.000 0.738
3615.000 0.410
3620.000 0.426
3625.000 0.371
3630.000 0.869
3635.000 0.617
3640.000 0.883
3645.000 0.719
3650.000 0.821
3655.000 0.604
3660.000 0.818
3665.000 0.772
3670.000 0.574
3675.000 0.823
3680.000 0.530
3685.000 0.614
3690.000 0.727
3695.000 0.769
3700.000 0.441
3705.000 0.678
3710.000 0.613
3715.000 0.603
3720.000 0.302
3725.000 0.573
3730.000 0.635
3735.000 0.658
3740.000 0.369
3745.000 0.716
3750.000 0.517
3755.000 0.516
3760.000 0.342
3765.000 0.527
3770.000 0.667
3775.000 0.698
3780.000 0.598
3785.000 0.481
3790.000 0.722
3795.000 0.654
3800.000 0.583
3805.000 0.642
3810.000 0.511
3815.000 0.623
3820.000 0.484
3825.000 0.572
3830.000 0.510
3835.000 0.611
3840.000 1.109
3845.000 0.806
3850.000 0.992
3855.000 0.915
3860.000 0.628
3865.000 0.667
3870.000 0.729
3875.000 0.758
3880.000 0.622
3885.000 0.814
3890.000 0.566
3895.000 0.631
3900.000 0.787
3905.000 0.563
3910.000 0.314
3915.000 0.407
3920.000 0.582
3925.000 0.668
3930.000 0.679
3935.000 0.411
3940.000 0.617
3945.000 0.640
3950.000 0.656
3955.000 0.453
3960.000 0.946
3965.000 0.836
3970.000 0.956
3975.000 0.749
3980.000 0.666
3985.000 0.558
3990.000 0.569
3995.000 0.770
4000.000 0.663
4005.000 0.626
4010.000 0.694
4015.000 0.809
4020.000 0.358
4025.000 0.649
4030.000 0.589
4035.000 0.397
4040.000 0.523
4045.000 0.672
4050.000 0.489
4055.000 0.774
4060.000 0.952
4065.000 0.632
4070.000 0.609
4075.000 0.531
4080.000 0.444
4085.000 0.638
4090.000 0.544
4095.000 0.756
4100.000 0.540
4105.000 0.469
4110.000 0.650
4115.000 0.686
4120.000 0.915
4125.000 0.496
4130.000 0.625
4135.000 0.837
4140.000 0.974
4145.000 0.817
4150.000 0.677
4155.000 0.517
4160.000 0.494
4165.000 0.647
4170.000 0.508
4175.000 0.461
4180.000 0.473
4185.000 1.142
4190.000 0.457
4195.000 0.900
4200.000 0.634
4205.000 0.672
4210.000 0.722
4215.000 0.824
4220.000 0.742
4225.000 0.756
4230.000 0.613
4235.000 0.619
4240.000 0.808
4245.000 1.086
4250.000 0.753
4255.000 1.072
4260.000 0.854
4265.000 0.597
4270.000 0.599
4275.000 0.649
4280.000 0.894
4285.000 0.491
4290.000 0.629
4295.000 0.484
4300.000 0.703
4305.000 0.786
4310.000 0.781
4315.000 0.635
4320.000 0.561
4325.000 0.547
4330.000 1.495
4335.000 1.016
4340.000 1.444
4345.000 1.790
4350.000 1.036
4355.000 1.028
4360.000 0.607
4365.000 0.685
4370.000 0.803
4375.000 0.656
4380.000 0.554
4385.000 0.564
4390.000 0.529
4395.000 0.393
4400.000 1.183
4405.000 0.732
4410.000 0.661
4415.000 0.630
4420.000 0.764
4425.000 0.469
4430.000 0.299
4435.000 0.750
4440.000 0.587
4445.000 0.336
4450.000 0.532
4455.000 0.613
4460.000 0.574
4465.000 0.560
4470.000 0.339
4475.000 0.585
4480.000 0.517
4485.000 0.375
4490.000 0.431
4495.000 0.517
4500.000 0.410
4505.000 0.499
4510.000 0.717
4515.000 0.525
4520.000 0.473
4525.000 0.424
4530.000 0.669
4535.000 0.508
4540.000 0.588
4545.000 0.573
4550.000 0.406
4555.000 0.499
4560.000 0.685
4565.000 0.806
4570.000 0.502
4575.000 0.638
4580.000 0.586
4585.000 0.488
4590.000 0.459
4595.000 0.730
4600.000 0.452
4605.000 0.464
4610.000 0.987
4615.000 0.712
4620.000 0.525
4625.000 0.575
4630.000 0.403
4635.000 0.622
4640.000 0.613
4645.000 0.767
4650.000 0.597
4655.000 0.590
4660.000 0.534
4665.000 0.594
4670.000 0.382
4675.000 0.540
4680.000 0.463
4685.000 0.737
4690.000 0.558
4695.000 0.445
4700.000 0.537
4705.000 0.475
4710.000 0.432
4715.000 0.611
4720.000 0.526
4725.000 0.556
4730.000 0.721
4735.000 1.117
4740.000 0.877
4745.000 0.919
4750.000 0.488
4755.000 0.879
4760.000 0.484
4765.000 0.556
4770.000 0.853
4775.000 0.432
4780.000 0.543
4785.000 0.390
4790.000 0.578
4795.000 0.669
4800.000 0.641
4805.000 0.474
4810.000 0.359
4815.000 0.452
4820.000 0.614
4825.000 0.454
4830.000 0.542
4835.000 0.389
4840.000 0.452
4845.000 0.638
4850.000 0.712
4855.000 0.594
4860.000 0.723
4865.000 0.689
4870.000 0.751
4875.000 0.527
4880.000 0.807
4885.000 0.832
4890.000 0.612
4895.000 0.759
4900.000 0.897
4905.000 0.656
4910.000 0.499
4915.000 0.553
4920.000 0.596
4925.000 0.824
4930.000 0.525
4935.000 0.839
4940.000 0.572
4945.000 0.792
4950.000 0.593
4955.000 0.629
4960.000 0.478
4965.000 0.583
4970.000 0.862
4975.000 1.122
4980.000 0.899
4985.000 0.572
4990.000 0.381
4995.000 0.442
5000.000 0.344
5005.000 0.462
5010.000 0.549
5015.000 0.831
5020.000 1.091
5025.000 0.548
5030.000 0.928
5035.000 0.680
5040.000 0.710
5045.000 0.787
5050.000 0.806
5055.000 0.587
5060.000 0.511
5065.000 0.576
5070.000 0.583
5075.000 1.077
5080.000 0.711
5085.000 0.722
5090.000 0.596
5095.000 0.615
5100.000 0.389
5105.000 0.527
5110.000 0.593
5115.000 0.487
5120.000 0.539
5125.000 0.642
5130.000 1.001
5135.000 0.728
5140.000 0.609
5145.000 0.531
5150.000 0.374
5155.000 0.486
5160.000 0.587
5165.000 0.600
5170.000 0.306
5175.000 0.310
5180.000 0.725
5185.000 0.617
5190.000 0.459
5195.000 0.815
5200.000 0.740
5205.000 39.152
5210.000 15.701
5215.000 0.000
5220.000 0.215
5225.000 0.061
5230.000 1.732
5235.000 2.218
5240.000 0.377
5245.000 0.101
5250.000 0.135
5255.000 0.154
5260.000 0.211
5265.000 0.417
5270.000 0.284
5275.000 0.472
5280.000 0.401
5285.000 0.317
5290.000 0.446
5295.000 0.555
5300.000 0.473
5305.000 0.415
5310.000 0.741
5315.000 0.403
5320.000 0.637
5325.000 0.443
5330.000 0.488
5335.000 0.491
5340.000 0.624
5345.000 0.632
5350.000 0.399
5355.000 0.628
5360.000 0.367
5365.000 0.449
5370.000 0.565
5375.000 0.603
5380.000 0.685
5385.000 0.666
5390.000 0.761
5395.000 0.722
5400.000 0.541
5405.000 0.707
5410.000 0.455
5415.000 0.998
5420.000 0.949
5425.000 0.618
5430.000 0.676
5435.000 0.501
5440.000 0.943
5445.000 0.787
5450.000 0.749
5455.000 1.037
5460.000 1.083
5465.000 0.579
5470.000 0.887
5475.000 0.593
5480.000 0.511
5485.000 0.388
5490.000 0.559
5495.000 0.675
5500.000 0.511
5505.000 0.512
5510.000 0.454
5515.000 0.432
5520.000 0.676
5525.000 0.352
5530.000 0.726
5535.000 0.799
5540.000 0.793
5545.000 0.362
5550.000 0.659
5555.000 0.826
5560.000 0.408
5565.000 0.455
5570.000 0.638
5575.000 0.637
5580.000 0.582
5585.000 0.437
5590.000 0.702
5595.000 0.491
5600.000 1.095
5605.000 0.789
5610.000 0.663
5615.000 0.532
5620.000 0.417
5625.000 0.357
5630.000 0.607
5635.000 0.498
5640.000 0.647
5645.000 0.683
5650.000 0.679
5655.000 0.563
5660.000 0.423
5665.000 0.592
5670.000 0.485
5675.000 0.393
5680.000 0.470
5685.000 0.536
5690.000 0.811
5695.000 0.674
5700.000 0.566
5705.000 0.392
5710.000 0.476
5715.000 0.541
5720.000 0.395
5725.000 0.490
5730.000 0.561
5735.000 0.484
5740.000 0.690
5745.000 0.671
5750.000 0.582
5755.000 0.399
5760.000 0.547
5765.000 0.561
5770.000 0.407
5775.000 0.467
5780.000 0.591
5785.000 0.636
5790.000 0.793
5795.000 0.602
5800.000 0.523
5805.000 0.658
5810.000 0.628
5815.000 0.447
5820.000 0.562
5825.000 0.563
5830.000 0.732
5835.000 0.822
5840.000 0.536
5845.000 0.677
5850.000 0.719
5855.000 0.524
5860.000 0.644
5865.000 0.559
5870.000 0.563
5875.000 0.502
5880.000 0.481
5885.000 0.401
5890.000 0.791
5895.000 0.503
5900.000 0.644
5905.000 0.628
5910.000 0.756
5915.000 0.863
5920.000 0.400
5925.000 0.387
5930.000 0.458
5935.000 0.597
5940.000 0.428
5945.000 0.840
5950.000 0.510
5955.000 0.646
5960.000 0.307
5965.000 0.477
5970.000 0.482
5975.000 0.657
5980.000 0.725
5985.000 0.784
5990.000 0.414
5995.000 0.520
6000.000 0.771
6005.000 0.572
6010.000 0.626
6015.000 0.676
6020.000 0.449
6025.000 0.552
6030.000 0.260
6035.000 0.292
6040.000 0.901
6045.000 0.403
6050.000 0.335
6055.000 0.515
6060.000 0.632
6065.000 0.467
6070.000 0.521
6075.000 0.420
6080.000 0.383
6085.000 0.584
6090.000 0.430
6095.000 0.495
6100.000 0.336
6105.000 0.547
6110.000 0.552
6115.000 0.726
6120.000 0.550
6125.000 0.278
6130.000 0.458
6135.000 0.764
6140.000 0.540
6145.000 0.676
6150.000 0.433
6155.000 0.698
6160.000 0.329
6165.000 0.677
6170.000 0.922
6175.000 0.317
6180.000 1.031
6185.000 0.604
6190.000 0.799
6195.000 0.774
6200.000 0.535
6205.000 0.797
6210.000 0.825
6215.000 0.482
6220.000 0.661
6225.000 0.472
6230.000 0.913
6235.000 1.015
6240.000 0.926
6245.000 0.842
6250.000 0.618
6255.000 0.484
6260.000 0.518
6265.000 0.790
6270.000 0.925
6275.000 0.767
6280.000 0.643
6285.000 0.754
6290.000 0.749
6295.000 0.473
6300.000 0.970
6305.000 0.596
6310.000 0.692
6315.000 0.577
6320.000 0.431
6325.000 0.711
6330.000 0.455
6335.000 0.556
6340.000 0.765
6345.000 0.339
6350.000 0.441
6355.000 0.522
6360.000 0.526
6365.000 0.527
6370.000 0.681
6375.000 0.645
6380.000 1.074
6385.000 0.659
6390.000 0.718
6395.000 0.745
6400.000 0.630
6405.000 0.917
6410.000 0.675
6415.000 0.531
6420.000 1.001
6425.000 0.727
6430.000 0.787
6435.000 0.483
6440.000 0.853
6445.000 0.700
6450.000 0.815
6455.000 0.481
6460.000 0.531
6465.000 0.444
6470.000 0.477
6475.000 0.863
6480.000 0.911
6485.000 0.784
6490.000 0.943
6495.000 0.858
6500.000 0.898
6505.000 0.559
6510.000 0.757
6515.000 0.567
6520.000 0.658
6525.000 0.830
6530.000 0.829
6535.000 0.664
6540.000 0.529
6545.000 0.684
6550.000 0.812
6555.000 0.546
6560.000 0.546
6565.000 0.677
6570.000 0.553
6575.000 0.671
6580.000 0.659
6585.000 1.032
6590.000 0.622
6595.000 0.595
6600.000 0.400
6605.000 0.680
6610.000 0.503
6615.000 0.876
6620.000 0.657
6625.000 0.544
6630.000 0.561
6635.000 0.587
6640.000 0.575
6645.000 0.696
6650.000 0.735
6655.000 0.703
6660.000 0.817
6665.000 0.859
6670.000 0.539
6675.000 0.757
6680.000 0.658
6685.000 0.495
6690.000 0.540
6695.000 0.791
6700.000 0.323
6705.000 0.581
6710.000 0.595
6715.000 0.675
6720.000 0.384
6725.000 0.722
6730.000 0.679
6735.000 0.798
6740.000 0.723
6745.000 0.800
6750.000 0.922
6755.000 0.868
6760.000 0.604
6765.000 0.556
6770.000 0.343
6775.000 0.493
6780.000 0.913
6785.000 0.644
6790.000 0.540
6795.000 0.589
6800.000 0.634
6805.000 0.498
6810.000 0.645
6815.000 0.662
6820.000 0.684
6825.000 0.539
6830.000 0.757
6835.000 0.839
6840.000 0.784
6845.000 0.670
6850.000 0.617
6855.000 0.721
6860.000 0.889
6865.000 0.668
6870.000 0.603
6875.000 0.945
6880.000 0.467
6885.000 0.859
6890.000 0.552
6895.000 0.990
6900.000 0.729
6905.000 0.811
6910.000 0.752
6915.000 0.738
6920.000 0.648
6925.000 0.529
6930.000 0.637
6935.000 1.016
6940.000 0.679
6945.000 0.572
6950.000 0.700
6955.000 0.672
6960.000 1.058
6965.000 0.899
6970.000 0.758
6975.000 0.705
6980.000 0.587
6985.000 0.706
6990.000 0.432
6995.000 0.548
7000.000 0.604
7005.000 0.624
7010.000 0.526
7015.000 0.628
7020.000 0.516
7025.000 0.233
7030.000 0.684
7035.000 0.907
7040.000 0.731
7045.000 1.198
7050.000 0.838
7055.000 0.613
7060.000 0.623
7065.000 0.657
7070.000 0.716
7075.000 0.603
7080.000 0.535
7085.000 0.311
7090.000 0.431
7095.000 1.010
7100.000 0.656
7105.000 0.448
7110.000 0.638
7115.000 0.549
7120.000 0.456
7125.000 0.750
7130.000 0.854
7135.000 0.786
7140.000 0.562
7145.000 0.521
7150.000 0.589
7155.000 0.640
7160.000 0.473
7165.000 0.936
7170.000 0.470
7175.000 0.411
7180.000 0.606
7185.000 0.888
7190.000 0.703
7195.000 0.687
7200.000 0.583
7205.000 0.504
7210.000 0.542
7215.000 0.626
7220.000 0.762
7225.000 0.642
7230.000 0.871
7235.000 0.597
7240.000 0.571
7245.000 0.867
7250.000 0.882
7255.000 0.762
7260.000 0.653
7265.000 0.336
7270.000 0.655
7275.000 0.656
7280.000 0.700
7285.000 0.594
7290.000 0.656
7295.000 0.818
7300.000 0.494
7305.000 0.524
7310.000 0.740
7315.000 0.375
7320.000 0.460
7325.000 0.779
7330.000 0.674
7335.000 0.511
7340.000 0.785
7345.000 0.699
7350.000 1.319
7355.000 0.984
7360.000 0.688
7365.000 0.561
7370.000 1.018
7375.000 0.593
7380.000 0.607
7385.000 0.569
7390.000 0.690
7395.000 0.614
7400.000 0.683
7405.000 0.736
7410.000 0.614
7415.000 1.188
7420.000 0.863
7425.000 0.883
7430.000 0.745
7435.000 0.531
7440.000 0.933
7445.000 1.081
7450.000 0.977
7455.000 1.176
7460.000 0.466
7465.000 0.882
7470.000 1.164
7475.000 0.844
7480.000 0.910
7485.000 1.180
7490.000 0.808
7495.000 0.499
7500.000 0.646
7505.000 1.025
7510.000 0.826
7515.000 1.109
7520.000 0.901
7525.000 1.223
7530.000 0.485
7535.000 0.582
7540.000 1.151
7545.000 0.814
7550.000 0.849
7555.000 0.580
7560.000 0.765
7565.000 0.848
7570.000 0.637
7575.000 0.554
7580.000 1.008
7585.000 0.789
7590.000 0.696
7595.000 0.832
7600.000 0.648
7605.000 0.534
7610.000 0.801
7615.000 1.033
7620.000 0.828
7625.000 0.374
7630.000 1.194
7635.000 0.994
7640.000 0.596
7645.000 0.726
7650.000 0.741
7655.000 0.376
7660.000 0.468
7665.000 0.960
7670.000 0.982
7675.000 0.493
7680.000 0.995
7685.000 0.896
7690.000 0.757
7695.000 0.724
7700.000 0.769
7705.000 1.061
7710.000 0.537
7715.000 0.869
7720.000 0.583
7725.000 1.359
7730.000 0.441
7735.000 0.778
7740.000 0.887
7745.000 0.819
7750.000 0.605
7755.000 0.707
7760.000 0.864
7765.000 0.837
7770.000 0.523
7775.000 0.924
7780.000 0.690
7785.000 0.602
7790.000 0.774
7795.000 0.879
7800.000 1.224
7805.000 1.011
7810.000 1.158
7815.000 0.757
7820.000 0.717
7825.000 0.755
7830.000 1.066
7835.000 0.555
7840.000 0.799
7845.000 0.707
7850.000 0.846
7855.000 0.434
7860.000 0.738
7865.000 0.948
7870.000 1.087
7875.000 0.827
7880.000 0.768
7885.000 0.690
7890.000 0.971
7895.000 0.685
7900.000 0.352
7905.000 0.742
7910.000 0.482
7915.000 0.854
7920.000 1.085
7925.000 0.892
7930.000 0.622
7935.000 0.650
7940.000 0.884
7945.000 0.664
7950.000 0.748
7955.000 0.906
7960.000 0.973
7965.000 0.765
7970.000 0.596
7975.000 0.607
7980.000 0.779
7985.000 0.613
7990.000 1.594
7995.000 0.890
8000.000 0.762
8005.000 0.921
8010.000 1.026
8015.000 0.749
8020.000 0.875
8025.000 0.851
8030.000 0.597
8035.000 0.602
8040.000 0.950
8045.000 0.640
8050.000 0.794
8055.000 0.637
8060.000 0.425
8065.000 0.565
8070.000 0.578
8075.000 0.612
8080.000 0.575
8085.000 0.627
8090.000 0.555
8095.000 0.950
8100.000 0.850
8105.000 0.780
8110.000 0.801
8115.000 0.609
8120.000 0.418
8125.000 0.752
8130.000 0.575
8135.000 1.103
8140.000 0.913
8145.000 0.564
8150.000 0.617
8155.000 0.793
8160.000 0.867
8165.000 0.627
8170.000 0.741
8175.000 0.584
8180.000 0.765
8185.000 0.843
8190.000 0.848
8195.000 0.776
8200.000 0.505
8205.000 1.075
8210.000 0.954
8215.000 0.699
8220.000 0.690
8225.000 0.657
8230.000 0.994
8235.000 0.638
8240.000 0.820
8245.000 0.804
8250.000 0.670
8255.000 1.045
8260.000 0.383
8265.000 0.655
8270.000 0.392
8275.000 0.811
8280.000 0.889
8285.000 0.709
8290.000 0.628
8295.000 0.846
8300.000 1.287
8305.000 0.734
8310.000 0.636
8315.000 1.036
8320.000 0.392
8325.000 0.644
8330.000 0.848
8335.000 1.048
8340.000 0.548
8345.000 0.928
8350.000 1.199
8355.000 0.389
8360.000 0.901
8365.000 0.785
8370.000 0.839
8375.000 0.534
8380.000 0.557
8385.000 0.719
8390.000 0.491
8395.000 0.430
8400.000 0.829
8405.000 0.603
8410.000 0.816
8415.000 0.772
8420.000 0.605
8425.000 0.607
8430.000 0.551
8435.000 0.810
8440.000 0.775
8445.000 0.635
8450.000 0.621
8455.000 0.798
8460.000 1.051
8465.000 0.539
8470.000 0.975
8475.000 0.886
8480.000 0.786
8485.000 0.599
8490.000 0.865
8495.000 0.936
8500.000 0.746
8505.000 0.336
8510.000 0.825
8515.000 0.775
8520.000 0.847
8525.000 0.881
8530.000 0.608
8535.000 0.987
8540.000 0.978
8545.000 1.176
8550.000 0.800
8555.000 0.729
8560.000 0.465
8565.000 1.015
8570.000 0.784
8575.000 1.036
8580.000 1.156
8585.000 0.717
8590.000 0.589
8595.000 0.626
8600.000 0.862
8605.000 1.020
8610.000 0.624
8615.000 0.525
8620.000 0.494
8625.000 0.756
8630.000 0.303
8635.000 0.615
8640.000 0.581
8645.000 0.686
8650.000 0.709
8655.000 0.519
8660.000 0.675
8665.000 0.583
8670.000 0.525
8675.000 0.462
8680.000 0.501
8685.000 0.460
8690.000 0.527
8695.000 0.607
8700.000 0.714
8705.000 0.439
8710.000 0.623
8715.000 0.757
8720.000 0.486
8725.000 0.819
8730.000 0.488
8735.000 0.721
8740.000 0.678
8745.000 0.622
8750.000 0.759
8755.000 0.458
8760.000 0.679
8765.000 0.832
8770.000 0.911
8775.000 1.091
8780.000 0.682
8785.000 0.877
8790.000 1.254
8795.000 0.931
8800.000 1.257
8805.000 0.644
8810.000 0.835
8815.000 1.348
8820.000 0.745
8825.000 1.168
8830.000 1.054
8835.000 0.993
8840.000 0.615
8845.000 0.687
8850.000 1.558
8855.000 0.893
8860.000 0.906
8865.000 0.552
8870.000 0.634
8875.000 0.676
8880.000 1.028
8885.000 0.669
8890.000 1.542
8895.000 1.307
8900.000 1.037
8905.000 1.028
8910.000 1.117
8915.000 0.603
8920.000 0.908
8925.000 0.453
8930.000 0.551
8935.000 0.799
8940.000 0.984
8945.000 0.771
8950.000 0.586
8955.000 0.592
8960.000 0.741
8965.000 0.812
8970.000 0.965
8975.000 0.865
8980.000 0.839
8985.000 0.995
8990.000 0.826
8995.000 0.735
9000.000 0.541
9005.000 0.954
9010.000 0.979
9015.000 1.340
9020.000 1.137
9025.000 0.900
9030.000 1.027
9035.000 0.827
9040.000 0.457
9045.000 0.620
9050.000 0.858
9055.000 0.528
9060.000 0.672
9065.000 0.653
9070.000 0.909
9075.000 0.933
9080.000 1.477
9085.000 0.490
9090.000 0.483
9095.000 0.489
9100.000 0.700
9105.000 0.792
9110.000 0.890
9115.000 0.543
9120.000 0.807
9125.000 0.885
9130.000 0.682
9135.000 0.603
9140.000 0.751
9145.000 0.545
9150.000 0.425
9155.000 0.822
9160.000 0.471
9165.000 0.821
9170.000 0.715
9175.000 0.455
9180.000 0.540
9185.000 0.716
9190.000 0.696
9195.000 0.939
9200.000 0.674
9205.000 0.499
9210.000 0.514
9215.000 0.630
9220.000 0.508
9225.000 0.593
9230.000 0.465
9235.000 0.524
9240.000 0.684
9245.000 0.577
9250.000 0.643
9255.000 0.521
9260.000 0.639
9265.000 0.935
9270.000 0.693
9275.000 0.616
9280.000 1.084
9285.000 1.011
9290.000 0.475
9295.000 0.588
9300.000 0.632
9305.000 0.735
9310.000 0.799
9315.000 0.794
9320.000 0.872
9325.000 0.828
9330.000 0.911
9335.000 0.994
9340.000 0.753
9345.000 0.775
9350.000 0.844
9355.000 0.697
9360.000 1.028
9365.000 1.454
9370.000 1.207
9375.000 0.731
9380.000 0.926
9385.000 1.267
9390.000 1.362
9395.000 1.070
9400.000 0.831
9405.000 1.800
9410.000 0.905
9415.000 1.391
9420.000 1.390
9425.000 2.384
9430.000 2.080
9435.000 2.098
9440.000 1.373
9445.000 1.430
9450.000 0.964
9455.000 1.692
9460.000 2.080
9465.000 0.808
9470.000 1.750
9475.000 1.183
9480.000 0.775
9485.000 1.292
9490.000 1.008
9495.000 1.159
9500.000 0.970
9505.000 0.860
9510.000 0.967
9515.000 0.741
9520.000 0.505
9525.000 1.176
9530.000 1.255
9535.000 1.094
9540.000 0.610
9545.000 0.914
9550.000 0.846
9555.000 0.951
9560.000 1.102
9565.000 1.020
9570.000 0.734
9575.000 0.865
9580.000 1.469
9585.000 0.855
9590.000 1.375
9595.000 1.811
9600.000 1.735
9605.000 1.839
9610.000 1.651
9615.000 1.334
9620.000 1.257
9625.000 1.573
9630.000 1.149
9635.000 1.262
9640.000 0.827
9645.000 1.529
9650.000 1.176
9655.000 0.712
9660.000 1.235
9665.000 0.724
9670.000 1.120
9675.000 10.881
9680.000 4.187
9685.000 2.687
9690.000 1.135
9695.000 0.332
9700.000 0.324
9705.000 0.508
9710.000 0.452
9715.000 0.392
9720.000 0.459
9725.000 0.598
9730.000 0.573
9735.000 0.570
9740.000 0.622
9745.000 0.773
9750.000 0.894
9755.000 0.381
9760.000 0.521
9765.000 0.732
9770.000 0.484
9775.000 0.417
9780.000 0.776
9785.000 0.436
9790.000 0.467
9795.000 0.740
9800.000 0.479
9805.000 0.699
9810.000 0.624
9815.000 0.932
9820.000 0.765
9825.000 1.040
9830.000 1.088
9835.000 0.881
9840.000 1.491
9845.000 1.517
9850.000 1.239
9855.000 1.483
9860.000 1.804
9865.000 1.441
9870.000 1.360
9875.000 1.643
9880.000 0.886
9885.000 1.140
9890.000 1.280
9895.000 1.086
9900.000 1.257
9905.000 0.709
9910.000 2.189
9915.000 1.301
9920.000 0.983
9925.000 0.994
9930.000 1.436
9935.000 0.797
9940.000 0.998
9945.000 1.331
9950.000 2.066
9955.000 1.012
9960.000 1.101
9965.000 2.068
9970.000 1.385
9975.000 1.448
9980.000 1.557
9985.000 2.429
9990.000 1.208
9995.000 1.462
10000.000 1.168
