105.000 7.125
110.000 3.068
115.000 4.217
120.000 5.272
125.000 4.858
130.000 4.186
135.000 8.453
140.000 3.788
145.000 5.232
150.000 5.191
155.000 5.108
160.000 5.564
165.000 7.180
170.000 12.386
175.000 10.432
180.000 12.640
185.000 5.570
190.000 7.507
195.000 6.867
200.000 6.066
205.000 10.626
210.000 5.762
215.000 5.330
220.000 5.985
225.000 6.634
230.000 10.536
235.000 6.317
240.000 3.584
245.000 3.613
250.000 4.568
255.000 6.718
260.000 7.451
265.000 3.555
270.000 5.656
275.000 4.488
280.000 4.029
285.000 3.680
290.000 3.711
295.000 5.383
300.000 5.909
305.000 3.095
310.000 3.108
315.000 4.044
320.000 26.522
325.000 40.339
330.000 0.005
335.000 0.000
340.000 0.277
345.000 0.003
350.000 0.021
355.000 0.005
360.000 2.662
365.000 1.147
370.000 0.832
375.000 1.342
380.000 1.296
385.000 1.852
390.000 1.283
395.000 1.908
400.000 2.306
405.000 3.065
410.000 1.468
415.000 1.115
420.000 2.163
425.000 3.249
430.000 3.599
435.000 3.178
440.000 1.683
445.000 3.069
450.000 2.040
455.000 3.141
460.000 3.906
465.000 3.700
470.000 2.799
475.000 2.129
480.000 2.368
485.000 3.038
490.000 3.363
495.000 3.468
500.000 3.174
505.000 2.118
510.000 3.926
515.000 4.035
520.000 3.416
525.000 2.819
530.000 2.356
535.000 3.044
540.000 2.796
545.000 1.771
550.000 3.866
555.000 2.131
560.000 3.162
565.000 2.752
570.000 1.865
575.000 2.177
580.000 2.849
585.000 2.730
590.000 2.570
595.000 3.026
600.000 1.947
605.000 1.528
610.000 1.837
615.000 3.983
620.000 3.410
625.000 2.121
630.000 1.888
635.000 32.247
640.000 39.468
645.000 0.024
650.000 0.019
655.000 0.346
660.000 0.083
665.000 0.001
670.000 0.001
675.000 2.471
680.000 0.866
685.000 0.439
690.000 0.392
695.000 0.858
700.000 0.836
705.000 1.831
710.000 1.288
715.000 1.629
720.000 1.281
725.000 1.695
730.000 1.302
735.000 1.745
740.000 1.224
745.000 1.671
750.000 1.880
755.000 2.138
760.000 1.583
765.000 2.237
770.000 1.551
775.000 1.556
780.000 1.498
785.000 1.287
790.000 2.468
795.000 5.795
800.000 2.696
805.000 3.174
810.000 1.948
815.000 1.558
820.000 1.649
825.000 2.293
830.000 1.884
835.000 1.400
840.000 1.419
845.000 1.636
850.000 2.553
855.000 2.286
860.000 1.401
865.000 1.410
870.000 2.535
875.000 2.399
880.000 1.372
885.000 2.135
890.000 1.632
895.000 1.172
900.000 1.540
905.000 2.359
910.000 2.217
915.000 1.743
920.000 1.158
925.000 1.983
930.000 1.770
935.000 1.934
940.000 2.646
945.000 2.762
950.000 2.594
955.000 1.980
960.000 2.558
965.000 2.962
970.000 4.967
975.000 1.522
980.000 2.191
985.000 2.083
990.000 1.691
995.000 1.615
1000.000 1.934
1005.000 2.442
1010.000 1.908
1015.000 2.176
1020.000 1.946
1025.000 2.809
1030.000 2.521
1035.000 3.074
1040.000 3.013
1045.000 3.191
1050.000 3.677
1055.000 2.683
1060.000 2.868
1065.000 2.354
1070.000 2.064
1075.000 2.221
1080.000 1.878
1085.000 1.506
1090.000 2.042
1095.000 2.288
1100.000 2.002
1105.000 1.516
1110.000 1.314
1115.000 3.312
1120.000 2.889
1125.000 3.556
1130.000 2.226
1135.000 3.442
1140.000 4.423
1145.000 2.275
1150.000 1.972
1155.000 5.680
1160.000 8.683
1165.000 9.726
1170.000 6.337
1175.000 4.907
1180.000 7.072
1185.000 3.430
1190.000 6.212
1195.000 4.143
1200.000 4.972
1205.000 2.631
1210.000 3.117
1215.000 5.680
1220.000 3.036
1225.000 2.346
1230.000 2.766
1235.000 5.025
1240.000 5.315
1245.000 3.081
1250.000 2.573
1255.000 2.843
1260.000 6.319
1265.000 3.779
1270.000 3.380
1275.000 3.236
1280.000 6.213
1285.000 3.651
1290.000 5.127
1295.000 2.476
1300.000 3.667
1305.000 3.362
1310.000 3.796
1315.000 4.623
1320.000 4.346
1325.000 3.214
1330.000 2.295
1335.000 2.118
1340.000 2.951
1345.000 1.775
1350.000 3.362
1355.000 2.892
1360.000 3.044
1365.000 2.190
1370.000 1.841
1375.000 2.899
1380.000 2.954
1385.000 2.750
1390.000 2.875
1395.000 4.996
1400.000 2.815
1405.000 3.829
1410.000 2.850
1415.000 2.734
1420.000 4.320
1425.000 3.739
1430.000 4.795
1435.000 2.637
1440.000 4.286
1445.000 2.231
1450.000 2.666
1455.000 2.718
1460.000 2.533
1465.000 2.328
1470.000 2.419
1475.000 2.730
1480.000 3.133
1485.000 2.338
1490.000 1.356
1495.000 1.976
1500.000 2.737
1505.000 2.508
1510.000 1.729
1515.000 2.307
1520.000 1.600
1525.000 2.283
1530.000 2.317
1535.000 1.350
1540.000 1.993
1545.000 2.259
1550.000 2.506
1555.000 1.820
1560.000 1.992
1565.000 1.626
1570.000 1.808
1575.000 1.327
1580.000 2.309
1585.000 2.003
1590.000 1.290
1595.000 0.870
1600.000 0.949
1605.000 2.948
1610.000 2.450
1615.000 3.265
1620.000 3.687
1625.000 1.775
1630.000 2.030
1635.000 2.121
1640.000 4.054
1645.000 1.942
1650.000 2.122
1655.000 2.326
1660.000 1.801
1665.000 2.388
1670.000 3.300
1675.000 3.105
1680.000 3.833
1685.000 2.676
1690.000 2.151
1695.000 1.613
1700.000 2.226
1705.000 1.816
1710.000 1.969
1715.000 1.190
1720.000 1.144
1725.000 1.711
1730.000 1.420
1735.000 2.462
1740.000 1.392
1745.000 1.215
1750.000 0.969
1755.000 1.191
1760.000 1.327
1765.000 2.428
1770.000 1.679
1775.000 1.712
1780.000 1.679
1785.000 1.120
1790.000 1.257
1795.000 1.589
1800.000 1.887
1805.000 2.183
1810.000 2.554
1815.000 1.961
1820.000 1.151
1825.000 1.675
1830.000 1.402
1835.000 2.014
1840.000 1.327
1845.000 1.858
1850.000 5.322
1855.000 4.009
1860.000 9.367
1865.000 6.341
1870.000 4.844
1875.000 2.703
1880.000 4.930
1885.000 7.436
1890.000 6.871
1895.000 0.000
1900.000 1.137
1905.000 0.889
1910.000 0.001
1915.000 0.025
1920.000 2.624
1925.000 0.278
1930.000 0.207
1935.000 0.437
1940.000 0.678
1945.000 0.404
1950.000 0.371
1955.000 0.551
1960.000 0.918
1965.000 0.781
1970.000 0.887
1975.000 0.595
1980.000 0.597
1985.000 1.079
1990.000 0.983
1995.000 1.723
2000.000 1.347
2005.000 0.790
2010.000 1.483
2015.000 1.338
2020.000 1.854
2025.000 1.553
2030.000 1.683
2035.000 1.569
2040.000 2.387
2045.000 2.396
2050.000 1.835
2055.000 1.100
2060.000 1.222
2065.000 1.014
2070.000 1.283
2075.000 0.843
2080.000 0.756
2085.000 1.209
2090.000 0.919
2095.000 1.297
2100.000 1.049
2105.000 0.637
2110.000 0.865
2115.000 1.326
2120.000 1.482
2125.000 1.482
2130.000 0.915
2135.000 1.104
2140.000 0.730
2145.000 1.461
2150.000 1.464
2155.000 2.238
2160.000 1.101
2165.000 0.867
2170.000 0.910
2175.000 1.411
2180.000 1.111
2185.000 1.507
2190.000 1.240
2195.000 0.977
2200.000 0.782
2205.000 1.234
2210.000 13.074
2215.000 38.356
2220.000 12.310
2225.000 0.001
2230.000 0.546
2235.000 0.001
2240.000 1.029
2245.000 1.757
2250.000 0.253
2255.000 0.284
2260.000 0.261
2265.000 0.399
2270.000 0.499
2275.000 0.565
2280.000 0.646
2285.000 0.996
2290.000 0.407
2295.000 1.126
2300.000 0.678
2305.000 0.935
2310.000 1.045
2315.000 1.209
2320.000 0.823
2325.000 0.782
2330.000 0.756
2335.000 0.586
2340.000 1.201
2345.000 1.588
2350.000 1.655
2355.000 1.195
2360.000 1.166
2365.000 1.355
2370.000 1.226
2375.000 1.930
2380.000 0.830
2385.000 1.792
2390.000 1.359
2395.000 1.018
2400.000 1.144
2405.000 1.386
2410.000 1.026
2415.000 0.738
2420.000 1.425
2425.000 1.045
2430.000 0.943
2435.000 0.930
2440.000 0.828
2445.000 1.079
2450.000 1.567
2455.000 0.912
2460.000 0.585
2465.000 1.422
2470.000 1.263
2475.000 0.965
2480.000 1.189
2485.000 0.719
2490.000 0.559
2495.000 1.038
2500.000 0.683
2505.000 0.862
2510.000 2.055
2515.000 1.211
2520.000 0.567
2525.000 0.908
2530.000 5.655
2535.000 34.102
2540.000 14.776
2545.000 2.635
2550.000 0.393
2555.000 1.476
2560.000 0.094
2565.000 0.156
2570.000 0.295
2575.000 0.254
2580.000 0.244
2585.000 0.191
2590.000 0.432
2595.000 0.358
2600.000 0.618
2605.000 0.763
2610.000 0.573
2615.000 0.552
2620.000 0.619
2625.000 0.550
2630.000 0.677
2635.000 0.905
2640.000 1.018
2645.000 0.685
2650.000 0.770
2655.000 0.726
2660.000 0.538
2665.000 0.589
2670.000 0.740
2675.000 0.988
2680.000 0.624
2685.000 0.673
2690.000 0.615
2695.000 0.706
2700.000 1.307
2705.000 0.833
2710.000 0.868
2715.000 0.513
2720.000 1.011
2725.000 0.892
2730.000 1.138
2735.000 1.140
2740.000 1.118
2745.000 0.586
2750.000 0.756
2755.000 0.660
2760.000 0.592
2765.000 1.432
2770.000 0.765
2775.000 0.605
2780.000 0.919
2785.000 0.592
2790.000 1.483
2795.000 1.211
2800.000 0.891
2805.000 0.885
2810.000 1.014
2815.000 0.671
2820.000 1.037
2825.000 1.701
2830.000 1.104
2835.000 0.918
2840.000 0.703
2845.000 0.809
2850.000 1.223
2855.000 1.787
2860.000 1.174
2865.000 0.790
2870.000 0.872
2875.000 0.660
2880.000 0.938
2885.000 0.918
2890.000 1.177
2895.000 1.031
2900.000 0.762
2905.000 0.720
2910.000 0.894
2915.000 1.178
2920.000 1.062
2925.000 0.984
2930.000 0.843
2935.000 0.574
2940.000 0.469
2945.000 1.196
2950.000 1.425
2955.000 1.097
2960.000 0.724
2965.000 0.710
2970.000 0.609
2975.000 0.950
2980.000 0.889
2985.000 1.042
2990.000 0.918
2995.000 0.986
3000.000 0.734
3005.000 0.556
3010.000 0.734
3015.000 0.900
3020.000 0.890
3025.000 1.320
3030.000 0.928
3035.000 0.720
3040.000 0.935
3045.000 1.080
3050.000 1.202
3055.000 1.520
3060.000 1.160
3065.000 0.916
3070.000 0.354
3075.000 1.050
3080.000 0.455
3085.000 1.419
3090.000 0.804
3095.000 0.791
3100.000 0.505
3105.000 0.856
3110.000 0.811
3115.000 0.905
3120.000 0.579
3125.000 0.466
3130.000 0.523
3135.000 0.814
3140.000 0.829
3145.000 1.127
3150.000 0.899
3155.000 1.031
3160.000 0.750
3165.000 0.580
3170.000 0.851
3175.000 1.109
3180.000 1.488
3185.000 1.119
3190.000 0.812
3195.000 0.432
3200.000 1.116
3205.000 0.620
3210.000 0.688
3215.000 1.105
3220.000 0.595
3225.000 0.892
3230.000 0.747
3235.000 0.972
3240.000 1.087
3245.000 0.937
3250.000 0.814
3255.000 0.440
3260.000 0.430
3265.000 1.040
3270.000 1.340
3275.000 0.865
3280.000 2.138
3285.000 0.788
3290.000 1.131
3295.000 1.328
3300.000 0.797
3305.000 1.487
3310.000 1.068
3315.000 1.562
3320.000 0.840
3325.000 0.883
3330.000 0.896
3335.000 1.118
3340.000 0.839
3345.000 1.130
3350.000 0.765
3355.000 0.727
3360.000 0.640
3365.000 1.050
3370.000 0.784
3375.000 1.629
3380.000 0.821
3385.000 0.788
3390.000 0.704
3395.000 0.654
3400.000 0.672
3405.000 0.979
3410.000 0.904
3415.000 0.810
3420.000 0.629
3425.000 0.698
3430.000 0.999
3435.000 0.823
3440.000 1.066
3445.000 0.599
3450.000 0.500
3455.000 0.823
3460.000 1.094
3465.000 0.997
3470.000 0.529
3475.000 0.798
3480.000 0.693
3485.000 0.525
3490.000 0.705
3495.000 1.038
3500.000 1.034
3505.000 0.930
3510.000 0.723
3515.000 0.349
3520.000 1.137
3525.000 1.184
3530.000 0.822
3535.000 0.696
3540.000 0.851
3545.000 0.894
3550.000 0.709
3555.000 0.770
3560.000 0.604
3565.000 0.974
3570.000 0.531
3575.000 0.862
3580.000 0.628
3585.000 0.923
3590.000 1.412
3595.000 1.042
3600.000 0.843
3605.000 1.097
3610.000 0.671
3615.000 0.859
3620.000 0.933
3625.000 0.984
3630.000 0.975
3635.000 0.871
3640.000 0.985
3645.000 0.649
3650.000 0.829
3655.000 0.623
3660.000 0.712
3665.000 0.781
3670.000 0.545
3675.000 0.706
3680.000 0.779
3685.000 0.856
3690.000 0.727
3695.000 0.745
3700.000 0.541
3705.000 0.992
3710.000 0.631
3715.000 1.277
3720.000 0.805
3725.000 0.918
3730.000 0.923
3735.000 0.802
3740.000 0.454
3745.000 0.591
3750.000 0.587
3755.000 1.030
3760.000 0.685
3765.000 0.792
3770.000 0.760
3775.000 0.620
3780.000 0.721
3785.000 0.438
3790.000 0.363
3795.000 0.976
3800.000 0.677
3805.000 0.509
3810.000 0.451
3815.000 0.612
3820.000 0.433
3825.000 0.658
3830.000 0.983
3835.000 0.665
3840.000 0.481
3845.000 0.935
3850.000 0.759
3855.000 0.676
3860.000 0.886
3865.000 0.709
3870.000 0.832
3875.000 0.477
3880.000 0.890
3885.000 0.626
3890.000 0.853
3895.000 0.598
3900.000 0.721
3905.000 0.743
3910.000 0.743
3915.000 0.751
3920.000 0.588
3925.000 0.659
3930.000 0.830
3935.000 0.854
3940.000 0.694
3945.000 0.662
3950.000 1.199
3955.000 0.692
3960.000 0.858
3965.000 0.864
3970.000 0.887
3975.000 1.263
3980.000 0.769
3985.000 0.677
3990.000 0.499
3995.000 0.871
4000.000 0.567
4005.000 1.012
4010.000 0.804
4015.000 0.616
4020.000 0.601
4025.000 0.812
4030.000 0.781
4035.000 0.496
4040.000 0.697
4045.000 0.820
4050.000 0.742
4055.000 1.001
4060.000 0.417
4065.000 0.409
4070.000 0.793
4075.000 1.053
4080.000 0.816
4085.000 1.206
4090.000 1.156
4095.000 0.757
4100.000 0.661
4105.000 1.166
4110.000 1.020
4115.000 0.846
4120.000 0.631
4125.000 0.751
4130.000 0.766
4135.000 1.069
4140.000 0.836
4145.000 1.024
4150.000 0.750
4155.000 1.601
4160.000 1.000
4165.000 0.559
4170.000 1.173
4175.000 0.784
4180.000 0.833
4185.000 0.618
4190.000 0.798
4195.000 0.791
4200.000 0.805
4205.000 1.396
4210.000 0.889
4215.000 0.597
4220.000 0.812
4225.000 1.012
4230.000 0.633
4235.000 0.940
4240.000 1.049
4245.000 0.791
4250.000 0.818
4255.000 0.689
4260.000 0.786
4265.000 0.787
4270.000 0.978
4275.000 1.163
4280.000 1.021
4285.000 0.935
4290.000 0.768
4295.000 0.743
4300.000 0.785
4305.000 0.928
4310.000 0.307
4315.000 0.705
4320.000 0.443
4325.000 0.720
4330.000 0.621
4335.000 0.558
4340.000 0.604
4345.000 0.587
4350.000 0.907
4355.000 0.743
4360.000 1.117
4365.000 0.814
4370.000 0.878
4375.000 0.567
4380.000 0.965
4385.000 0.725
4390.000 0.763
4395.000 0.669
4400.000 0.797
4405.000 0.842
4410.000 0.963
4415.000 0.873
4420.000 0.501
4425.000 0.691
4430.000 0.809
4435.000 0.677
4440.000 1.031
4445.000 0.379
4450.000 0.874
4455.000 1.332
4460.000 0.703
4465.000 0.761
4470.000 0.699
4475.000 0.843
4480.000 0.531
4485.000 0.753
4490.000 0.542
4495.000 0.632
4500.000 0.954
4505.000 1.014
4510.000 0.850
4515.000 0.790
4520.000 0.643
4525.000 0.720
4530.000 0.553
4535.000 0.942
4540.000 1.201
4545.000 0.743
4550.000 0.473
4555.000 1.028
4560.000 0.706
4565.000 0.906
4570.000 0.637
4575.000 0.722
4580.000 1.114
4585.000 0.609
4590.000 0.630
4595.000 0.624
4600.000 0.593
4605.000 0.799
4610.000 0.740
4615.000 0.484
4620.000 0.563
4625.000 0.808
4630.000 0.888
4635.000 0.691
4640.000 0.747
4645.000 0.582
4650.000 0.718
4655.000 0.714
4660.000 1.013
4665.000 0.634
4670.000 0.658
4675.000 0.580
4680.000 0.658
4685.000 0.561
4690.000 1.005
4695.000 0.931
4700.000 0.674
4705.000 0.948
4710.000 0.595
4715.000 0.983
4720.000 0.704
4725.000 0.755
4730.000 0.427
4735.000 0.647
4740.000 0.488
4745.000 0.433
4750.000 0.798
4755.000 0.480
4760.000 0.700
4765.000 0.570
4770.000 0.740
4775.000 0.644
4780.000 0.806
4785.000 0.694
4790.000 0.741
4795.000 0.359
4800.000 0.947
4805.000 0.615
4810.000 0.503
4815.000 0.969
4820.000 0.730
4825.000 0.393
4830.000 0.343
4835.000 0.627
4840.000 0.571
4845.000 0.956
4850.000 1.027
4855.000 0.574
4860.000 0.739
4865.000 0.735
4870.000 0.469
4875.000 0.735
4880.000 0.542
4885.000 0.283
4890.000 0.525
4895.000 0.715
4900.000 1.294
4905.000 0.848
4910.000 0.737
4915.000 0.393
4920.000 0.646
4925.000 0.577
4930.000 0.478
4935.000 1.357
4940.000 0.666
4945.000 0.428
4950.000 0.680
4955.000 0.635
4960.000 0.559
4965.000 0.385
4970.000 0.698
4975.000 0.751
4980.000 0.846
4985.000 0.762
4990.000 0.886
4995.000 0.488
5000.000 1.159
5005.000 1.356
5010.000 0.792
5015.000 0.710
5020.000 0.971
5025.000 0.847
5030.000 0.753
5035.000 0.451
5040.000 0.722
5045.000 0.769
5050.000 26.559
5055.000 37.001
5060.000 36.116
5065.000 16.431
5070.000 0.413
5075.000 0.493
5080.000 0.546
5085.000 0.482
5090.000 0.475
5095.000 0.512
5100.000 0.487
5105.000 0.435
5110.000 0.420
5115.000 0.393
5120.000 0.642
5125.000 0.636
5130.000 0.523
5135.000 0.595
5140.000 0.688
5145.000 0.482
5150.000 0.535
5155.000 0.397
5160.000 0.618
5165.000 0.756
5170.000 0.724
5175.000 0.615
5180.000 0.594
5185.000 0.691
5190.000 0.900
5195.000 0.747
5200.000 0.954
5205.000 0.648
5210.000 0.561
5215.000 0.812
5220.000 0.628
5225.000 0.917
5230.000 0.558
5235.000 0.789
5240.000 0.606
5245.000 0.471
5250.000 0.365
5255.000 0.563
5260.000 0.832
5265.000 0.321
5270.000 0.647
5275.000 0.358
5280.000 0.513
5285.000 0.555
5290.000 0.691
5295.000 0.569
5300.000 0.590
5305.000 0.708
5310.000 0.969
5315.000 0.869
5320.000 0.918
5325.000 0.630
5330.000 0.423
5335.000 0.741
5340.000 0.547
5345.000 0.539
5350.000 0.639
5355.000 0.700
5360.000 0.605
5365.000 0.671
5370.000 7.217
5375.000 3.317
5380.000 0.801
5385.000 0.481
5390.000 0.774
5395.000 0.597
5400.000 1.011
5405.000 0.958
5410.000 0.876
5415.000 0.665
5420.000 0.717
5425.000 0.823
5430.000 0.920
5435.000 1.393
5440.000 0.909
5445.000 0.788
5450.000 1.041
5455.000 0.452
5460.000 0.504
5465.000 0.579
5470.000 0.764
5475.000 0.502
5480.000 1.053
5485.000 0.740
5490.000 0.378
5495.000 0.663
5500.000 0.657
5505.000 0.920
5510.000 0.511
5515.000 0.959
5520.000 1.173
5525.000 1.041
5530.000 0.828
5535.000 0.625
5540.000 0.753
5545.000 0.794
5550.000 1.095
5555.000 0.622
5560.000 0.637
5565.000 0.579
5570.000 0.555
5575.000 0.533
5580.000 0.895
5585.000 0.530
5590.000 0.474
5595.000 0.578
5600.000 0.616
5605.000 1.011
5610.000 1.267
5615.000 0.501
5620.000 0.500
5625.000 0.582
5630.000 0.801
5635.000 0.783
5640.000 0.740
5645.000 1.078
5650.000 0.825
5655.000 1.160
5660.000 1.125
5665.000 0.977
5670.000 0.568
5675.000 0.604
5680.000 0.725
5685.000 0.950
5690.000 0.508
5695.000 0.959
5700.000 0.649
5705.000 0.626
5710.000 0.847
5715.000 1.059
5720.000 0.857
5725.000 0.307
5730.000 0.881
5735.000 0.601
5740.000 0.851
5745.000 0.671
5750.000 0.671
5755.000 0.537
5760.000 1.055
5765.000 0.655
5770.000 0.884
5775.000 0.695
5780.000 0.468
5785.000 0.429
5790.000 0.410
5795.000 1.493
5800.000 0.550
5805.000 0.821
5810.000 1.092
5815.000 0.534
5820.000 1.003
5825.000 0.548
5830.000 0.994
5835.000 0.402
5840.000 0.669
5845.000 0.707
5850.000 0.618
5855.000 0.528
5860.000 0.808
5865.000 0.728
5870.000 0.550
5875.000 0.841
5880.000 0.648
5885.000 0.812
5890.000 1.521
5895.000 1.222
5900.000 0.581
5905.000 0.454
5910.000 1.241
5915.000 0.515
5920.000 0.934
5925.000 0.840
5930.000 0.733
5935.000 0.674
5940.000 0.651
5945.000 0.657
5950.000 0.478
5955.000 0.475
5960.000 0.600
5965.000 0.651
5970.000 0.811
5975.000 0.385
5980.000 0.644
5985.000 0.403
5990.000 0.687
5995.000 0.940
6000.000 0.991
6005.000 0.387
6010.000 0.771
6015.000 0.729
6020.000 0.656
6025.000 0.578
6030.000 0.541
6035.000 0.601
6040.000 0.513
6045.000 0.717
6050.000 0.726
6055.000 0.503
6060.000 0.540
6065.000 0.644
6070.000 0.622
6075.000 0.503
6080.000 0.787
6085.000 0.955
6090.000 0.968
6095.000 1.140
6100.000 0.690
6105.000 0.704
6110.000 1.033
6115.000 0.617
6120.000 0.642
6125.000 0.555
6130.000 0.636
6135.000 0.628
6140.000 0.414
6145.000 0.486
6150.000 1.058
6155.000 0.589
6160.000 0.648
6165.000 0.500
6170.000 0.361
6175.000 0.504
6180.000 0.541
6185.000 0.938
6190.000 0.674
6195.000 0.770
6200.000 0.506
6205.000 1.056
6210.000 1.005
6215.000 0.907
6220.000 0.733
6225.000 0.535
6230.000 0.700
6235.000 0.532
6240.000 0.554
6245.000 0.677
6250.000 0.933
6255.000 0.780
6260.000 0.596
6265.000 0.790
6270.000 0.697
6275.000 0.809
6280.000 0.650
6285.000 0.858
6290.000 0.747
6295.000 0.981
6300.000 0.858
6305.000 1.188
6310.000 0.598
6315.000 0.850
6320.000 1.056
6325.000 0.544
6330.000 0.705
6335.000 1.187
6340.000 0.882
6345.000 0.861
6350.000 0.587
6355.000 1.022
6360.000 0.825
6365.000 0.795
6370.000 1.018
6375.000 1.312
6380.000 0.867
6385.000 0.822
6390.000 1.173
6395.000 1.010
6400.000 0.984
6405.000 0.820
6410.000 0.751
6415.000 0.773
6420.000 0.822
6425.000 0.649
6430.000 1.004
6435.000 0.731
6440.000 0.676
6445.000 0.774
6450.000 0.744
6455.000 0.730
6460.000 0.669
6465.000 0.563
6470.000 0.894
6475.000 0.851
6480.000 0.855
6485.000 0.464
6490.000 0.996
6495.000 0.880
6500.000 1.087
6505.000 0.903
6510.000 1.111
6515.000 1.055
6520.000 0.955
6525.000 1.146
6530.000 1.126
6535.000 0.796
6540.000 1.429
6545.000 1.575
6550.000 0.756
6555.000 0.716
6560.000 0.600
6565.000 0.866
6570.000 0.822
6575.000 0.933
6580.000 0.691
6585.000 1.749
6590.000 1.157
6595.000 1.127
6600.000 0.820
6605.000 0.944
6610.000 0.953
6615.000 0.799
6620.000 0.665
6625.000 1.086
6630.000 1.016
6635.000 0.714
6640.000 0.699
6645.000 0.666
6650.000 0.764
6655.000 1.060
6660.000 0.589
6665.000 0.595
6670.000 0.753
6675.000 0.583
6680.000 0.778
6685.000 0.711
6690.000 0.655
6695.000 0.379
6700.000 0.606
6705.000 0.724
6710.000 0.783
6715.000 0.643
6720.000 0.644
6725.000 0.836
6730.000 0.848
6735.000 0.804
6740.000 0.728
6745.000 0.551
6750.000 0.674
6755.000 1.324
6760.000 0.754
6765.000 0.839
6770.000 1.033
6775.000 0.613
6780.000 0.953
6785.000 1.495
6790.000 0.903
6795.000 1.175
6800.000 0.710
6805.000 0.660
6810.000 0.702
6815.000 0.649
6820.000 1.128
6825.000 0.713
6830.000 1.025
6835.000 1.522
6840.000 0.448
6845.000 0.636
6850.000 0.957
6855.000 0.860
6860.000 0.718
6865.000 0.863
6870.000 0.863
6875.000 0.762
6880.000 0.724
6885.000 0.672
6890.000 1.228
6895.000 0.678
6900.000 0.742
6905.000 0.884
6910.000 0.666
6915.000 1.395
6920.000 0.916
6925.000 0.892
6930.000 0.915
6935.000 0.444
6940.000 0.419
6945.000 0.461
6950.000 0.439
6955.000 0.690
6960.000 0.886
6965.000 0.900
6970.000 0.763
6975.000 0.685
6980.000 0.472
6985.000 0.829
6990.000 0.948
6995.000 0.796
7000.000 1.101
7005.000 0.880
7010.000 1.143
7015.000 1.063
7020.000 1.515
7025.000 0.997
7030.000 0.766
7035.000 0.711
7040.000 0.902
7045.000 1.159
7050.000 0.918
7055.000 1.408
7060.000 0.611
7065.000 0.896
7070.000 0.652
7075.000 0.683
7080.000 0.511
7085.000 0.713
7090.000 0.586
7095.000 0.689
7100.000 0.616
7105.000 0.950
7110.000 0.848
7115.000 0.926
7120.000 0.622
7125.000 0.846
7130.000 1.119
7135.000 0.520
7140.000 0.729
7145.000 0.995
7150.000 1.128
7155.000 0.951
7160.000 0.499
7165.000 2.332
7170.000 2.102
7175.000 0.776
7180.000 0.800
7185.000 0.877
7190.000 1.065
7195.000 1.155
7200.000 0.795
7205.000 0.613
7210.000 0.546
7215.000 0.746
7220.000 1.258
7225.000 0.687
7230.000 1.222
7235.000 0.529
7240.000 0.713
7245.000 0.981
7250.000 1.357
7255.000 0.810
7260.000 0.439
7265.000 0.790
7270.000 0.564
7275.000 0.413
7280.000 0.547
7285.000 0.496
7290.000 0.738
7295.000 0.630
7300.000 0.750
7305.000 0.992
7310.000 0.889
7315.000 0.858
7320.000 0.745
7325.000 0.680
7330.000 0.692
7335.000 0.955
7340.000 1.147
7345.000 1.458
7350.000 0.707
7355.000 0.714
7360.000 0.717
7365.000 0.872
7370.000 0.572
7375.000 0.743
7380.000 0.589
7385.000 1.185
7390.000 0.764
7395.000 1.537
7400.000 1.298
7405.000 1.289
7410.000 0.688
7415.000 0.970
7420.000 1.038
7425.000 0.963
7430.000 1.817
7435.000 1.129
7440.000 0.881
7445.000 1.063
7450.000 0.567
7455.000 0.840
7460.000 1.141
7465.000 1.093
7470.000 1.420
7475.000 1.558
7480.000 1.262
7485.000 0.791
7490.000 0.986
7495.000 0.962
7500.000 0.939
7505.000 1.199
7510.000 0.847
7515.000 1.298
7520.000 0.847
7525.000 1.449
7530.000 1.486
7535.000 2.289
7540.000 1.124
7545.000 1.265
7550.000 0.697
7555.000 1.046
7560.000 0.479
7565.000 0.617
7570.000 0.719
7575.000 0.492
7580.000 0.527
7585.000 0.617
7590.000 0.704
7595.000 0.923
7600.000 1.093
7605.000 1.043
7610.000 1.051
7615.000 1.015
7620.000 0.828
7625.000 1.137
7630.000 0.791
7635.000 1.063
7640.000 0.859
7645.000 0.570
7650.000 0.785
7655.000 1.076
7660.000 0.761
7665.000 0.685
7670.000 1.051
7675.000 1.056
7680.000 0.875
7685.000 0.684
7690.000 0.992
7695.000 0.948
7700.000 0.768
7705.000 0.521
7710.000 0.951
7715.000 1.175
7720.000 1.040
7725.000 0.687
7730.000 0.471
7735.000 0.639
7740.000 1.022
7745.000 0.983
7750.000 0.560
7755.000 1.161
7760.000 0.922
7765.000 0.632
7770.000 0.746
7775.000 0.739
7780.000 0.461
7785.000 1.092
7790.000 0.636
7795.000 1.139
7800.000 1.000
7805.000 0.885
7810.000 0.600
7815.000 0.838
7820.000 0.888
7825.000 0.944
7830.000 1.095
7835.000 0.723
7840.000 0.708
7845.000 0.880
7850.000 1.190
7855.000 1.197
7860.000 1.034
7865.000 0.530
7870.000 0.981
7875.000 0.733
7880.000 0.767
7885.000 1.665
7890.000 1.198
7895.000 1.039
7900.000 0.815
7905.000 1.042
7910.000 1.273
7915.000 1.167
7920.000 1.046
7925.000 1.398
7930.000 1.782
7935.000 2.130
7940.000 1.575
7945.000 1.152
7950.000 1.628
7955.000 0.946
7960.000 0.778
7965.000 1.442
7970.000 0.776
7975.000 1.935
7980.000 1.321
7985.000 1.555
7990.000 1.410
7995.000 0.904
8000.000 0.718
8005.000 2.033
8010.000 1.447
8015.000 0.883
8020.000 1.321
8025.000 1.116
8030.000 1.632
8035.000 1.616
8040.000 1.413
8045.000 1.839
8050.000 1.283
8055.000 0.927
8060.000 1.092
8065.000 1.074
8070.000 1.115
8075.000 0.860
8080.000 0.733
8085.000 1.110
8090.000 0.796
8095.000 0.995
8100.000 1.106
8105.000 1.371
8110.000 1.290
8115.000 0.742
8120.000 0.867
8125.000 1.096
8130.000 1.241
8135.000 1.394
8140.000 1.241
8145.000 1.176
8150.000 0.864
8155.000 0.887
8160.000 1.878
8165.000 0.802
8170.000 0.746
8175.000 1.252
8180.000 0.721
8185.000 0.987
8190.000 0.550
8195.000 0.614
8200.000 0.674
8205.000 1.061
8210.000 0.814
8215.000 1.041
8220.000 0.787
8225.000 1.219
8230.000 0.680
8235.000 0.961
8240.000 0.888
8245.000 1.397
8250.000 1.704
8255.000 1.026
8260.000 1.564
8265.000 0.857
8270.000 1.112
8275.000 1.498
8280.000 1.829
8285.000 1.685
8290.000 1.497
8295.000 1.567
8300.000 1.135
8305.000 0.936
8310.000 1.183
8315.000 1.089
8320.000 1.321
8325.000 1.301
8330.000 1.858
8335.000 1.440
8340.000 1.127
8345.000 1.762
8350.000 1.665
8355.000 1.077
8360.000 0.816
8365.000 1.125
8370.000 1.223
8375.000 1.025
8380.000 0.926
8385.000 0.594
8390.000 0.971
8395.000 1.380
8400.000 0.898
8405.000 0.686
8410.000 1.516
8415.000 1.365
8420.000 2.532
8425.000 2.194
8430.000 2.641
8435.000 1.795
8440.000 0.874
8445.000 1.685
8450.000 0.578
8455.000 1.591
8460.000 1.133
8465.000 1.229
8470.000 1.892
8475.000 1.511
8480.000 1.303
8485.000 2.082
8490.000 1.857
8495.000 1.640
8500.000 1.144
8505.000 1.139
8510.000 2.046
8515.000 1.316
8520.000 1.326
8525.000 1.405
8530.000 1.322
8535.000 1.062
8540.000 1.464
8545.000 1.804
8550.000 1.991
8555.000 1.419
8560.000 2.114
8565.000 1.444
8570.000 2.170
8575.000 1.878
8580.000 2.621
8585.000 1.986
8590.000 2.024
8595.000 1.955
8600.000 2.210
8605.000 2.394
8610.000 2.907
8615.000 1.470
8620.000 1.183
8625.000 1.990
8630.000 1.259
8635.000 1.362
8640.000 1.934
8645.000 1.251
8650.000 1.543
8655.000 1.014
8660.000 1.400
8665.000 2.280
8670.000 1.583
8675.000 1.038
8680.000 1.367
8685.000 1.196
8690.000 1.660
8695.000 1.875
8700.000 1.340
8705.000 1.570
8710.000 1.074
8715.000 1.081
8720.000 0.984
8725.000 0.712
8730.000 0.928
8735.000 1.007
8740.000 1.000
8745.000 0.930
8750.000 1.134
8755.000 1.275
8760.000 1.576
8765.000 0.995
8770.000 0.881
8775.000 0.960
8780.000 1.829
8785.000 1.422
8790.000 0.844
8795.000 1.180
8800.000 1.140
8805.000 1.175
8810.000 0.512
8815.000 0.833
8820.000 2.079
8825.000 0.725
8830.000 0.876
8835.000 2.848
8840.000 1.076
8845.000 0.976
8855.000 0.791
8860.000 3.349
8865.000 0.791
8870.000 0.656
8875.000 0.724
8880.000 1.290
8885.000 1.290
8890.000 0.370
8895.000 1.085
8900.000 0.652
8905.000 1.135
8910.000 0.737
8915.000 0.812
8920.000 0.856
8925.000 1.090
8930.000 0.681
8935.000 0.915
8940.000 1.225
8945.000 1.171
8950.000 1.793
8955.000 0.815
8960.000 1.064
8965.000 0.769
8970.000 0.789
8975.000 0.840
8980.000 0.910
8985.000 0.865
8990.000 0.935
8995.000 1.073
9000.000 1.080
9005.000 0.897
9010.000 0.424
9015.000 0.946
9020.000 1.445
9025.000 1.671
9030.000 1.381
9035.000 0.573
9040.000 0.590
9045.000 0.800
9050.000 0.857
9055.000 1.026
9060.000 0.673
9065.000 1.174
9070.000 1.305
9075.000 1.439
9080.000 0.670
9085.000 1.049
9090.000 3.045
9095.000 1.791
9100.000 1.321
9105.000 1.357
9110.000 2.643
9115.000 1.233
9120.000 1.378
9125.000 1.319
9130.000 1.614
9135.000 0.714
9140.000 0.981
9145.000 1.334
9150.000 0.715
9155.000 1.512
9160.000 3.210
9165.000 3.362
9170.000 1.299
9175.000 1.032
9180.000 1.342
9185.000 1.784
9190.000 0.657
9195.000 0.742
9200.000 0.816
9205.000 1.047
9210.000 1.189
9215.000 1.145
9220.000 1.269
9225.000 2.145
9230.000 1.605
9235.000 1.150
9240.000 0.969
9245.000 1.628
9250.000 1.814
9255.000 1.354
9260.000 1.159
9265.000 0.745
9270.000 0.931
9275.000 1.074
9280.000 0.562
9285.000 0.722
9290.000 0.933
9295.000 0.940
9300.000 0.561
9305.000 0.761
9310.000 0.856
9315.000 0.911
9320.000 0.890
9325.000 0.742
9330.000 0.795
9335.000 0.833
9340.000 0.542
9345.000 0.568
9350.000 1.087
9355.000 1.001
9360.000 0.861
9365.000 1.234
9370.000 0.937
9375.000 1.476
9380.000 1.077
9385.000 0.752
9390.000 1.073
9395.000 0.985
9400.000 1.104
9405.000 1.423
9410.000 0.610
9415.000 0.519
9420.000 0.829
9425.000 0.733
9430.000 1.125
9435.000 0.403
9440.000 0.827
9445.000 1.199
9450.000 1.019
9455.000 0.590
9460.000 1.041
9465.000 0.784
9470.000 0.872
9475.000 0.696
9480.000 1.218
9485.000 1.000
9490.000 1.349
9495.000 1.160
9500.000 1.134
9505.000 1.766
9510.000 0.784
9515.000 0.751
9520.000 0.608
9525.000 0.704
9530.000 0.796
9535.000 0.722
9540.000 0.594
9545.000 0.914
9550.000 0.719
9555.000 0.769
9560.000 0.881
9565.000 0.713
9570.000 1.928
9575.000 1.892
9580.000 1.331
9585.000 1.323
9590.000 1.465
9595.000 1.179
9600.000 0.675
9605.000 0.969
9610.000 0.933
9615.000 2.325
9620.000 4.056
9625.000 1.261
9630.000 1.788
9635.000 1.158
9640.000 0.984
9645.000 2.177
9650.000 5.371
9655.000 3.342
9660.000 1.179
9665.000 1.601
9670.000 1.193
9675.000 1.068
9680.000 0.531
9685.000 0.859
9690.000 0.971
9695.000 1.182
9700.000 1.140
9705.000 1.154
9710.000 0.620
9715.000 1.536
9720.000 1.042
9725.000 0.818
9730.000 0.978
9735.000 0.967
9740.000 0.444
9745.000 0.891
9750.000 0.810
9755.000 0.712
9760.000 0.746
9765.000 0.539
9770.000 0.966
9775.000 0.878
9780.000 0.416
9785.000 0.714
9790.000 0.515
9795.000 0.600
9800.000 0.726
9805.000 0.826
9810.000 0.461
9815.000 0.813
9820.000 0.872
9825.000 0.836
9830.000 0.610
9835.000 0.798
9840.000 1.180
9845.000 1.289
9850.000 1.294
9855.000 1.537
9860.000 0.875
9865.000 1.346
9870.000 1.298
9875.000 1.622
9880.000 2.070
9885.000 2.010
9890.000 1.503
9895.000 2.263
9900.000 1.648
9905.000 4.202
9910.000 1.164
9915.000 2.496
9920.000 3.760
9925.000 0.764
9930.000 0.850
9935.000 0.546
9940.000 0.955
9945.000 0.895
9950.000 0.846
9955.000 0.918
9960.000 0.887
9965.000 0.990
9970.000 1.001
9975.000 0.910
9980.000 1.130
9985.000 0.827
9990.000 1.163
9995.000 0.524
10000.000 1.049
