105.000 3.665
110.000 3.253
115.000 7.050
120.000 3.047
125.000 2.997
130.000 9.374
135.000 7.130
140.000 12.930
145.000 10.107
150.000 6.257
155.000 4.771
160.000 7.103
165.000 3.089
170.000 3.993
175.000 7.116
180.000 9.025
185.000 5.134
190.000 7.747
195.000 5.863
200.000 6.989
205.000 7.440
210.000 8.932
215.000 4.345
220.000 5.198
225.000 10.231
230.000 6.201
235.000 11.224
240.000 4.112
245.000 4.394
250.000 6.870
255.000 2.537
260.000 3.526
265.000 5.287
270.000 4.705
275.000 7.081
280.000 3.590
285.000 2.255
290.000 3.689
295.000 4.206
300.000 6.460
305.000 12.144
310.000 2.906
315.000 2.906
320.000 4.456
325.000 5.266
330.000 2.997
335.000 3.818
340.000 2.980
345.000 2.291
350.000 2.684
355.000 3.911
360.000 2.276
365.000 3.516
370.000 5.519
375.000 3.773
380.000 2.387
385.000 3.002
390.000 3.871
395.000 4.450
400.000 2.723
405.000 2.893
410.000 3.511
415.000 2.344
420.000 3.128
425.000 4.305
430.000 3.462
435.000 3.745
440.000 2.509
445.000 1.658
450.000 2.494
455.000 2.328
460.000 4.103
465.000 2.813
470.000 3.106
475.000 3.117
480.000 2.365
485.000 4.032
490.000 4.009
495.000 3.393
500.000 2.557
505.000 2.308
510.000 1.513
515.000 2.028
520.000 3.871
525.000 3.773
530.000 4.530
535.000 3.426
540.000 1.906
545.000 2.287
550.000 2.634
555.000 4.255
560.000 2.964
565.000 2.195
570.000 3.623
575.000 2.958
580.000 33.914
585.000 33.905
590.000 0.004
595.000 0.000
600.000 0.279
605.000 0.002
610.000 0.034
615.000 0.000
620.000 3.172
625.000 1.072
630.000 0.940
635.000 1.553
640.000 1.299
645.000 1.507
650.000 1.752
655.000 0.780
660.000 0.998
665.000 1.666
670.000 3.191
675.000 1.380
680.000 2.052
685.000 2.407
690.000 4.363
695.000 2.695
700.000 2.158
705.000 2.728
710.000 2.728
715.000 3.316
720.000 2.778
725.000 2.578
730.000 2.513
735.000 2.118
740.000 3.698
745.000 6.410
750.000 3.486
755.000 3.363
760.000 2.708
765.000 2.999
770.000 2.554
775.000 2.311
780.000 2.046
785.000 3.230
790.000 1.640
795.000 1.984
800.000 2.171
805.000 2.718
810.000 1.658
815.000 2.016
820.000 2.045
825.000 2.373
830.000 1.973
835.000 1.973
840.000 1.221
845.000 1.853
850.000 1.565
855.000 2.125
860.000 2.262
865.000 2.160
870.000 2.726
875.000 1.899
880.000 1.686
885.000 2.253
890.000 0.715
895.000 2.132
900.000 2.432
905.000 2.869
910.000 3.390
915.000 2.519
920.000 2.421
925.000 1.464
930.000 1.502
935.000 2.458
940.000 2.740
945.000 1.687
950.000 1.767
955.000 1.835
960.000 2.012
965.000 2.327
970.000 2.666
975.000 2.354
980.000 2.176
985.000 2.323
990.000 1.696
995.000 1.919
1000.000 2.218
1005.000 2.001
1010.000 1.617
1015.000 1.852
1020.000 1.935
1025.000 1.070
1030.000 2.005
1035.000 1.738
1040.000 2.098
1045.000 2.221
1050.000 1.669
1055.000 2.240
1060.000 1.462
1065.000 1.353
1070.000 1.819
1075.000 1.448
1080.000 1.900
1085.000 1.537
1090.000 2.701
1095.000 1.594
1100.000 2.290
1105.000 1.724
1110.000 1.687
1115.000 1.124
1120.000 1.360
1125.000 2.934
1130.000 2.465
1135.000 1.764
1140.000 1.764
1145.000 1.656
1150.000 1.405
1155.000 1.946
1160.000 1.399
1165.000 1.727
1170.000 1.981
1175.000 1.425
1180.000 1.726
1185.000 1.639
1190.000 1.681
1195.000 1.600
1200.000 2.339
1205.000 1.412
1210.000 0.839
1215.000 1.305
1220.000 2.130
1225.000 2.234
1230.000 1.966
1235.000 1.415
1240.000 1.287
1245.000 0.945
1250.000 1.853
1255.000 2.658
1260.000 1.696
1265.000 1.363
1270.000 1.802
1275.000 2.056
1280.000 1.345
1285.000 1.403
1290.000 1.790
1295.000 1.491
1300.000 2.149
1305.000 1.447
1310.000 1.569
1315.000 1.471
1320.000 1.628
1325.000 1.638
1330.000 1.646
1335.000 1.553
1340.000 1.221
1345.000 1.277
1350.000 1.283
1355.000 1.476
1360.000 2.378
1365.000 1.317
1370.000 0.885
1375.000 0.793
1380.000 1.017
1385.000 1.810
1390.000 1.761
1395.000 1.010
1400.000 0.994
1405.000 1.087
1410.000 1.673
1415.000 2.406
1420.000 0.973
1425.000 2.107
1430.000 1.024
1435.000 1.662
1440.000 1.342
1445.000 1.829
1450.000 1.282
1455.000 2.000
1460.000 1.259
1465.000 1.074
1470.000 1.404
1475.000 1.866
1480.000 1.894
1485.000 1.644
1490.000 1.661
1495.000 0.834
1500.000 1.166
1505.000 1.177
1510.000 1.230
1515.000 2.759
1520.000 1.876
1525.000 1.514
1530.000 1.686
1535.000 1.848
1540.000 2.196
1545.000 2.136
1550.000 1.605
1555.000 1.628
1560.000 0.775
1565.000 0.982
1570.000 1.314
1575.000 1.369
1580.000 1.513
1585.000 1.905
1590.000 1.205
1595.000 1.357
1600.000 1.196
1605.000 2.101
1610.000 1.589
1615.000 1.637
1620.000 0.848
1625.000 1.232
1630.000 1.353
1635.000 1.730
1640.000 1.976
1645.000 2.019
1650.000 1.468
1655.000 1.747
1660.000 1.474
1665.000 1.201
1670.000 1.554
1675.000 1.888
1680.000 1.210
1685.000 1.412
1690.000 1.814
1695.000 0.895
1700.000 0.839
1705.000 1.819
1710.000 1.898
1715.000 1.744
1720.000 1.528
1725.000 1.468
1730.000 7.381
1735.000 30.807
1740.000 36.490
1745.000 8.623
1750.000 0.563
1755.000 1.413
1760.000 0.119
1765.000 0.233
1770.000 0.409
1775.000 0.619
1780.000 0.617
1785.000 0.401
1790.000 0.646
1795.000 0.826
1800.000 1.279
1805.000 1.279
1810.000 1.383
1815.000 1.010
1820.000 0.850
1825.000 0.968
1830.000 1.061
1835.000 1.141
1840.000 0.738
1845.000 0.846
1850.000 0.628
1855.000 0.745
1860.000 1.172
1865.000 1.139
1870.000 1.166
1875.000 1.425
1880.000 1.306
1885.000 1.234
1890.000 1.009
1895.000 1.956
1900.000 0.970
1905.000 1.048
1910.000 1.033
1915.000 0.682
1920.000 1.119
1925.000 0.805
1930.000 0.805
1935.000 0.953
1940.000 1.332
1945.000 1.108
1950.000 1.268
1955.000 1.373
1960.000 1.685
1965.000 0.725
1970.000 0.815
1975.000 0.747
1980.000 0.864
1985.000 1.311
1990.000 1.508
1995.000 0.927
2000.000 1.069
2005.000 0.991
2010.000 1.267
2015.000 1.129
2020.000 1.066
2025.000 25.589
2030.000 26.616
2035.000 29.172
2040.000 15.321
2045.000 1.690
2050.000 0.465
2055.000 0.765
2060.000 0.890
2065.000 1.105
2070.000 0.696
2075.000 0.572
2080.000 0.768
2085.000 0.614
2090.000 0.956
2095.000 1.109
2100.000 1.012
2105.000 1.044
2110.000 0.538
2115.000 0.821
2120.000 0.740
2125.000 1.043
2130.000 1.367
2135.000 0.723
2140.000 0.833
2145.000 0.904
2150.000 0.530
2155.000 1.413
2160.000 1.760
2165.000 0.795
2170.000 0.804
2175.000 1.205
2180.000 0.991
2185.000 0.857
2190.000 1.632
2195.000 1.472
2200.000 0.966
2205.000 0.740
2210.000 0.956
2215.000 1.291
2220.000 1.364
2225.000 1.561
2230.000 0.929
2235.000 0.934
2240.000 0.913
2245.000 1.318
2250.000 1.690
2255.000 1.256
2260.000 0.990
2265.000 1.033
2270.000 1.176
2275.000 1.320
2280.000 1.556
2285.000 1.402
2290.000 1.220
2295.000 0.917
2300.000 1.016
2305.000 0.919
2310.000 1.770
2315.000 1.014
2320.000 7.876
2325.000 22.249
2330.000 20.544
2335.000 4.742
2340.000 1.506
2345.000 1.244
2350.000 0.932
2355.000 1.255
2360.000 1.255
2365.000 0.969
2370.000 1.505
2375.000 1.049
2380.000 1.263
2385.000 1.547
2390.000 1.353
2395.000 1.148
2400.000 0.949
2405.000 1.363
2410.000 1.481
2415.000 0.980
2420.000 1.175
2425.000 1.416
2430.000 1.228
2435.000 0.917
2440.000 0.885
2445.000 2.180
2450.000 1.344
2455.000 1.274
2460.000 0.899
2465.000 0.548
2470.000 1.143
2475.000 1.324
2480.000 1.165
2485.000 0.989
2490.000 0.707
2495.000 0.925
2500.000 0.988
2505.000 1.212
2510.000 1.091
2515.000 1.119
2520.000 0.528
2525.000 0.834
2530.000 0.811
2535.000 1.046
2540.000 1.394
2545.000 0.875
2550.000 1.015
2555.000 0.694
2560.000 1.218
2565.000 0.973
2570.000 1.195
2575.000 0.656
2580.000 0.935
2585.000 0.735
2590.000 0.881
2595.000 0.867
2600.000 1.219
2605.000 1.116
2610.000 1.184
2615.000 1.059
2620.000 0.823
2625.000 0.849
2630.000 0.752
2635.000 1.048
2640.000 1.123
2645.000 0.837
2650.000 0.777
2655.000 0.978
2660.000 0.788
2665.000 1.062
2670.000 1.086
2675.000 0.969
2680.000 0.910
2685.000 0.586
2690.000 0.773
2695.000 0.667
2700.000 0.953
2705.000 0.598
2710.000 0.595
2715.000 0.833
2720.000 0.877
2725.000 1.506
2730.000 1.102
2735.000 1.312
2740.000 0.640
2745.000 0.810
2750.000 1.054
2755.000 0.720
2760.000 1.200
2765.000 1.389
2770.000 1.125
2775.000 0.981
2780.000 0.819
2785.000 0.802
2790.000 1.260
2795.000 1.113
2800.000 0.985
2805.000 0.966
2810.000 0.479
2815.000 0.866
2820.000 0.725
2825.000 1.236
2830.000 1.277
2835.000 1.200
2840.000 0.729
2845.000 0.644
2850.000 0.750
2855.000 0.862
2860.000 1.692
2865.000 1.260
2870.000 0.998
2875.000 0.635
2880.000 0.975
2885.000 0.723
2890.000 1.332
2895.000 1.095
2900.000 1.016
2905.000 0.925
2910.000 0.714
2915.000 1.585
2920.000 1.277
2925.000 1.473
2930.000 1.089
2935.000 1.243
2940.000 0.967
2945.000 0.849
2950.000 1.091
2955.000 1.216
2960.000 0.996
2965.000 0.639
2970.000 0.743
2975.000 1.071
2980.000 0.761
2985.000 1.349
2990.000 1.121
2995.000 1.032
3000.000 0.977
3005.000 1.108
3010.000 0.933
3015.000 1.440
3020.000 1.126
3025.000 0.911
3030.000 0.721
3035.000 1.051
3040.000 0.660
3045.000 1.145
3050.000 1.389
3055.000 0.760
3060.000 0.916
3065.000 0.616
3070.000 1.058
3075.000 0.919
3080.000 1.144
3085.000 1.366
3090.000 0.587
3095.000 1.031
3100.000 0.879
3105.000 0.581
3110.000 1.434
3115.000 1.282
3120.000 1.182
3125.000 0.990
3130.000 1.153
3135.000 0.973
3140.000 1.013
3145.000 1.066
3150.000 0.932
3155.000 0.850
3160.000 0.934
3165.000 1.033
3170.000 0.812
3175.000 1.063
3180.000 0.903
3185.000 1.138
3190.000 0.697
3195.000 1.069
3200.000 0.601
3205.000 0.810
3210.000 0.889
3215.000 0.420
3220.000 0.865
3225.000 0.759
3230.000 0.868
3235.000 0.951
3240.000 0.750
3245.000 1.116
3250.000 1.055
3255.000 1.342
3260.000 0.836
3265.000 1.093
3270.000 0.566
3275.000 1.212
3280.000 1.318
3285.000 1.183
3290.000 0.815
3295.000 0.903
3300.000 0.818
3305.000 0.846
3310.000 1.104
3315.000 1.036
3320.000 0.890
3325.000 0.889
3330.000 0.843
3335.000 1.261
3340.000 1.561
3345.000 1.039
3350.000 0.683
3355.000 0.859
3360.000 1.041
3365.000 1.132
3370.000 0.524
3375.000 1.261
3380.000 0.728
3385.000 0.843
3390.000 1.162
3395.000 0.638
3400.000 1.141
3405.000 0.703
3410.000 1.789
3415.000 1.253
3420.000 0.799
3425.000 0.527
3430.000 0.967
3435.000 0.925
3440.000 1.166
3445.000 0.897
3450.000 0.937
3455.000 0.947
3460.000 1.071
3465.000 1.372
3470.000 0.839
3475.000 0.823
3480.000 0.782
3485.000 0.667
3490.000 0.311
3495.000 0.619
3500.000 0.758
3505.000 0.855
3510.000 0.818
3515.000 0.641
3520.000 1.075
3525.000 0.847
3530.000 1.186
3535.000 0.655
3540.000 0.941
3545.000 1.282
3550.000 0.609
3555.000 0.493
3560.000 0.682
3565.000 1.192
3570.000 0.844
3575.000 0.835
3580.000 0.740
3585.000 0.851
3590.000 0.437
3595.000 0.899
3600.000 0.811
3605.000 0.946
3610.000 0.762
3615.000 0.553
3620.000 0.866
3625.000 0.796
3630.000 0.686
3635.000 0.531
3640.000 0.548
3645.000 0.487
3650.000 1.373
3655.000 0.527
3660.000 0.844
3665.000 0.958
3670.000 0.487
3675.000 1.010
3680.000 0.677
3685.000 0.906
3690.000 0.584
3695.000 0.456
3700.000 0.513
3705.000 0.809
3710.000 0.887
3715.000 1.047
3720.000 0.782
3725.000 0.897
3730.000 0.672
3735.000 0.720
3740.000 1.048
3745.000 0.531
3750.000 0.760
3755.000 0.720
3760.000 0.616
3765.000 0.720
3770.000 1.065
3775.000 0.918
3780.000 0.993
3785.000 0.760
3790.000 0.892
3795.000 0.941
3800.000 0.895
3805.000 0.582
3810.000 0.837
3815.000 0.636
3820.000 0.690
3825.000 1.051
3830.000 0.610
3835.000 0.859
3840.000 0.910
3845.000 0.960
3850.000 0.563
3855.000 0.906
3860.000 0.774
3865.000 0.764
3870.000 0.481
3875.000 0.543
3880.000 0.613
3885.000 0.543
3890.000 0.731
3895.000 0.756
3900.000 0.551
3905.000 0.653
3910.000 0.554
3915.000 0.842
3920.000 0.816
3925.000 0.612
3930.000 0.939
3935.000 0.771
3940.000 0.956
3945.000 0.880
3950.000 0.987
3955.000 0.752
3960.000 0.309
3965.000 0.851
3970.000 0.514
3975.000 0.977
3980.000 0.826
3985.000 0.485
3990.000 0.725
3995.000 0.497
4000.000 0.738
4005.000 0.697
4010.000 0.644
4015.000 0.727
4020.000 0.863
4025.000 0.796
4030.000 0.618
4035.000 0.529
4040.000 0.646
4045.000 0.746
4050.000 0.755
4055.000 0.682
4060.000 0.637
4065.000 0.590
4070.000 1.184
4075.000 0.766
4080.000 0.853
4085.000 0.860
4090.000 0.733
4095.000 0.635
4100.000 0.530
4105.000 1.032
4110.000 1.112
4115.000 0.679
4120.000 0.619
4125.000 0.680
4130.000 0.570
4135.000 0.833
4140.000 0.668
4145.000 0.794
4150.000 0.945
4155.000 0.553
4160.000 0.718
4165.000 0.704
4170.000 0.678
4175.000 0.695
4180.000 0.918
4185.000 0.943
4190.000 0.641
4195.000 1.040
4200.000 0.903
4205.000 0.433
4210.000 0.354
4215.000 0.424
4220.000 0.533
4225.000 0.389
4230.000 0.586
4235.000 0.432
4240.000 0.609
4245.000 0.491
4250.000 0.680
4255.000 0.392
4260.000 0.478
4265.000 0.478
4270.000 0.433
4275.000 0.634
4280.000 0.493
4285.000 0.644
4290.000 0.556
4295.000 0.532
4300.000 0.920
4305.000 0.839
4310.000 0.459
4315.000 0.555
4320.000 0.478
4325.000 0.540
4330.000 0.436
4335.000 0.691
4340.000 0.805
4345.000 0.537
4350.000 0.497
4355.000 0.445
4360.000 0.478
4365.000 0.620
4370.000 0.654
4375.000 0.371
4380.000 0.400
4385.000 0.658
4390.000 0.548
4395.000 0.572
4400.000 0.551
4405.000 0.470
4410.000 0.538
4415.000 0.399
4420.000 0.590
4425.000 0.761
4430.000 0.576
4435.000 0.399
4440.000 0.667
4445.000 0.694
4450.000 0.668
4455.000 0.797
4460.000 0.690
4465.000 0.640
4470.000 0.688
4475.000 0.744
4480.000 0.769
4485.000 0.726
4490.000 0.549
4495.000 0.653
4500.000 0.653
4505.000 0.507
4510.000 0.613
4515.000 0.613
4520.000 0.673
4525.000 0.474
4530.000 0.623
4535.000 0.337
4540.000 0.677
4545.000 0.643
4550.000 0.514
4555.000 0.449
4560.000 0.525
4565.000 0.625
4570.000 0.732
4575.000 0.393
4580.000 0.602
4585.000 0.558
4590.000 0.603
4595.000 0.768
4600.000 0.514
4605.000 0.584
4610.000 0.324
4615.000 0.515
4620.000 0.520
4625.000 0.627
4630.000 0.634
4635.000 1.052
4640.000 0.991
4645.000 0.602
4650.000 0.842
4655.000 0.622
4660.000 0.622
4665.000 0.687
4670.000 0.549
4675.000 0.609
4680.000 0.907
4685.000 0.470
4690.000 0.732
4695.000 0.575
4700.000 0.602
4705.000 0.523
4710.000 0.409
4715.000 0.853
4720.000 0.608
4725.000 0.964
4730.000 0.647
4735.000 0.408
4740.000 0.447
4745.000 0.566
4750.000 0.758
4755.000 0.666
4760.000 0.741
4765.000 0.581
4770.000 0.536
4775.000 0.398
4780.000 0.624
4785.000 0.667
4790.000 0.691
4795.000 0.392
4800.000 0.448
4805.000 0.429
4810.000 0.455
4815.000 0.568
4820.000 0.602
4825.000 0.532
4830.000 0.604
4835.000 0.449
4840.000 0.555
4845.000 0.655
4850.000 0.639
4855.000 0.624
4860.000 0.539
4865.000 0.451
4870.000 0.534
4875.000 0.322
4880.000 0.494
4885.000 0.939
4890.000 0.787
4895.000 0.856
4900.000 0.516
4905.000 0.803
4910.000 0.803
4915.000 0.446
4920.000 0.998
4925.000 0.499
4930.000 0.476
4935.000 0.780
4940.000 0.555
4945.000 0.903
4950.000 0.996
4955.000 0.819
4960.000 0.664
4965.000 0.475
4970.000 0.745
4975.000 0.755
4980.000 0.806
4985.000 1.135
4990.000 0.609
4995.000 0.360
5000.000 0.449
5005.000 0.447
5010.000 0.553
5015.000 1.312
5020.000 0.601
5025.000 0.598
5030.000 0.491
5035.000 0.745
5040.000 0.700
5045.000 0.984
5050.000 0.444
5055.000 0.652
5060.000 0.663
5065.000 0.820
5070.000 0.523
5075.000 0.711
5080.000 0.959
5085.000 0.791
5090.000 0.443
5095.000 0.748
5100.000 0.578
5105.000 0.644
5110.000 0.828
5115.000 0.799
5120.000 0.635
5125.000 1.058
5130.000 0.952
5135.000 0.664
5140.000 0.715
5145.000 0.673
5150.000 0.676
5155.000 0.883
5160.000 0.602
5165.000 0.602
5170.000 0.423
5175.000 0.522
5180.000 0.744
5185.000 0.771
5190.000 0.642
5195.000 0.466
5200.000 0.575
5205.000 0.329
5210.000 32.109
5215.000 30.340
5220.000 5.101
5225.000 0.997
5230.000 0.709
5235.000 0.723
5240.000 0.328
5245.000 0.315
5250.000 0.418
5255.000 0.986
5260.000 0.457
5265.000 0.269
5270.000 0.661
5275.000 0.546
5280.000 0.876
5285.000 0.637
5290.000 0.431
5295.000 0.572
5300.000 0.529
5305.000 0.727
5310.000 1.078
5315.000 0.700
5320.000 0.770
5325.000 0.553
5330.000 0.617
5335.000 0.546
5340.000 0.558
5345.000 0.830
5350.000 0.626
5355.000 0.441
5360.000 0.424
5365.000 0.419
5370.000 0.496
5375.000 0.373
5380.000 0.768
5385.000 0.714
5390.000 0.454
5395.000 0.715
5400.000 0.629
5405.000 0.604
5410.000 0.725
5415.000 0.563
5420.000 0.705
5425.000 0.714
5430.000 0.717
5435.000 1.133
5440.000 0.742
5445.000 0.892
5450.000 0.759
5455.000 0.965
5460.000 0.714
5465.000 1.125
5470.000 0.631
5475.000 0.590
5480.000 0.580
5485.000 0.560
5490.000 0.593
5495.000 0.805
5500.000 0.863
5505.000 0.895
5510.000 1.152
5515.000 0.562
5520.000 0.458
5525.000 0.670
5530.000 0.543
5535.000 1.032
5540.000 0.422
5545.000 1.284
5550.000 0.710
5555.000 0.876
5560.000 0.575
5565.000 0.729
5570.000 0.580
5575.000 0.598
5580.000 1.217
5585.000 1.151
5590.000 0.682
5595.000 0.805
5600.000 0.704
5605.000 0.894
5610.000 1.197
5615.000 0.768
5620.000 0.708
5625.000 0.573
5630.000 0.521
5635.000 0.608
5640.000 0.476
5645.000 0.898
5650.000 0.775
5655.000 0.654
5660.000 0.664
5665.000 0.648
5670.000 0.686
5675.000 0.612
5680.000 0.478
5685.000 0.928
5690.000 0.432
5695.000 0.570
5700.000 0.565
5705.000 0.680
5710.000 0.628
5715.000 0.872
5720.000 0.740
5725.000 0.568
5730.000 0.675
5735.000 0.488
5740.000 0.582
5745.000 0.487
5750.000 0.545
5755.000 0.569
5760.000 0.376
5765.000 0.438
5770.000 0.518
5775.000 0.684
5780.000 0.889
5785.000 0.873
5790.000 0.847
5795.000 0.652
5800.000 0.320
5805.000 0.841
5810.000 1.223
5815.000 0.794
5820.000 0.678
5825.000 0.552
5830.000 0.593
5835.000 0.620
5840.000 0.461
5845.000 1.167
5850.000 0.756
5855.000 2.459
5860.000 0.599
5865.000 0.894
5870.000 0.725
5875.000 1.338
5880.000 1.036
5885.000 0.894
5890.000 0.550
5895.000 0.858
5900.000 0.550
5905.000 0.571
5910.000 0.652
5915.000 0.595
5920.000 0.600
5925.000 0.509
5930.000 0.998
5935.000 0.739
5940.000 1.017
5945.000 0.664
5950.000 0.350
5955.000 0.560
5960.000 0.687
5965.000 0.392
5970.000 0.668
5975.000 0.646
5980.000 0.517
5985.000 0.540
5990.000 0.582
5995.000 0.771
6000.000 0.492
6005.000 0.585
6010.000 0.365
6015.000 0.817
6020.000 0.823
6025.000 0.701
6030.000 0.716
6035.000 1.884
6040.000 0.925
6045.000 0.797
6050.000 0.775
6055.000 0.763
6060.000 0.558
6065.000 0.844
6070.000 0.703
6075.000 0.624
6080.000 0.865
6085.000 0.600
6090.000 0.776
6095.000 0.778
6100.000 0.612
6105.000 0.385
6110.000 0.692
6115.000 0.814
6120.000 1.008
6125.000 0.778
6130.000 0.580
6135.000 0.805
6140.000 0.492
6145.000 0.341
6150.000 0.604
6155.000 0.743
6160.000 0.692
6165.000 0.470
6170.000 0.413
6175.000 0.480
6180.000 0.454
6185.000 0.561
6190.000 0.690
6195.000 0.850
6200.000 1.008
6205.000 0.786
6210.000 0.831
6215.000 0.766
6220.000 0.847
6225.000 0.796
6230.000 0.784
6235.000 0.783
6240.000 0.515
6245.000 0.979
6250.000 0.714
6255.000 0.635
6260.000 0.435
6265.000 0.491
6270.000 0.610
6275.000 0.393
6280.000 0.690
6285.000 0.554
6290.000 0.733
6295.000 0.692
6300.000 0.899
6305.000 0.446
6310.000 0.386
6315.000 0.727
6320.000 0.663
6325.000 0.838
6330.000 0.502
6335.000 0.794
6340.000 0.674
6345.000 0.985
6350.000 0.667
6355.000 0.696
6360.000 0.548
6365.000 0.724
6370.000 0.723
6375.000 0.371
6380.000 0.876
6385.000 0.579
6390.000 0.802
6395.000 0.624
6400.000 0.758
6405.000 0.709
6410.000 0.644
6415.000 0.645
6420.000 0.608
6425.000 0.579
6430.000 0.612
6435.000 0.840
6440.000 0.637
6445.000 0.662
6450.000 0.491
6455.000 0.549
6460.000 0.805
6465.000 0.748
6470.000 0.853
6475.000 0.481
6480.000 0.715
6485.000 0.640
6490.000 0.569
6495.000 0.654
6500.000 1.010
6505.000 0.896
6510.000 0.877
6515.000 0.622
6520.000 0.419
6525.000 0.542
6530.000 0.748
6535.000 0.589
6540.000 0.736
6545.000 0.752
6550.000 0.801
6555.000 0.767
6560.000 0.668
6565.000 0.827
6570.000 0.912
6575.000 0.745
6580.000 0.987
6585.000 0.703
6590.000 0.539
6595.000 0.843
6600.000 0.804
6605.000 1.009
6610.000 0.861
6615.000 0.582
6620.000 0.783
6625.000 0.615
6630.000 0.924
6635.000 1.056
6640.000 1.066
6645.000 0.688
6650.000 0.877
6655.000 0.657
6660.000 0.787
6665.000 0.695
6670.000 0.942
6675.000 1.108
6680.000 0.735
6685.000 0.689
6690.000 0.752
6695.000 0.840
6700.000 0.637
6705.000 0.852
6710.000 0.543
6715.000 0.623
6720.000 0.890
6725.000 0.735
6730.000 0.868
6735.000 0.811
6740.000 0.699
6745.000 0.979
6750.000 0.636
6755.000 1.135
6760.000 1.047
6765.000 0.980
6770.000 0.969
6775.000 0.691
6780.000 0.637
6785.000 0.800
6790.000 0.727
6795.000 1.256
6800.000 0.812
6805.000 0.763
6810.000 0.926
6815.000 0.638
6820.000 1.079
6825.000 1.079
6830.000 1.289
6835.000 0.883
6840.000 1.052
6845.000 0.616
6850.000 0.616
6855.000 0.747
6860.000 0.617
6865.000 0.939
6870.000 0.698
6875.000 0.837
6880.000 0.816
6885.000 0.822
6890.000 0.563
6895.000 0.597
6900.000 0.684
6905.000 3.125
6910.000 1.307
6915.000 0.760
6920.000 0.471
6925.000 0.682
6930.000 0.627
6935.000 0.746
6940.000 0.624
6945.000 0.467
6950.000 0.755
6955.000 0.966
6960.000 1.092
6965.000 1.109
6970.000 0.732
6975.000 1.361
6980.000 0.788
6985.000 0.488
6990.000 0.281
6995.000 0.406
7000.000 0.783
7005.000 0.579
7010.000 1.197
7015.000 0.726
7020.000 0.894
7025.000 0.691
7030.000 0.461
7035.000 0.494
7040.000 1.915
7045.000 1.053
7050.000 0.670
7055.000 0.415
7060.000 1.057
7065.000 1.128
7070.000 1.067
7075.000 0.954
7080.000 0.929
7085.000 0.625
7090.000 0.855
7095.000 0.744
7100.000 0.728
7105.000 1.197
7110.000 0.697
7115.000 0.793
7120.000 0.486
7125.000 0.666
7130.000 0.731
7135.000 0.352
7140.000 0.565
7145.000 0.565
7150.000 0.709
7155.000 0.684
7160.000 0.539
7165.000 0.588
7170.000 0.780
7175.000 0.758
7180.000 0.597
7185.000 0.818
7190.000 0.684
7195.000 0.508
7200.000 0.460
7205.000 0.616
7210.000 0.601
7215.000 0.577
7220.000 0.566
7225.000 0.836
7230.000 0.728
7235.000 0.689
7240.000 1.003
7245.000 0.791
7250.000 0.480
7255.000 0.750
7260.000 0.643
7265.000 0.796
7270.000 0.702
7275.000 0.959
7280.000 0.509
7285.000 1.157
7290.000 1.543
7295.000 0.713
7300.000 1.583
7305.000 1.455
7310.000 1.384
7315.000 1.307
7320.000 1.056
7325.000 1.405
7330.000 0.870
7335.000 0.918
7340.000 0.967
7345.000 1.161
7350.000 0.962
7355.000 0.920
7360.000 1.369
7365.000 0.710
7370.000 0.710
7375.000 0.986
7380.000 0.981
7385.000 0.867
7390.000 1.160
7395.000 0.697
7400.000 0.793
7405.000 0.945
7410.000 0.842
7415.000 1.702
7420.000 1.183
7425.000 0.986
7430.000 1.173
7435.000 0.691
7440.000 0.939
7445.000 1.425
7450.000 0.913
7455.000 0.875
7460.000 0.864
7465.000 1.080
7470.000 1.233
7475.000 1.097
7480.000 0.783
7485.000 0.715
7490.000 0.916
7495.000 0.916
7500.000 0.758
7505.000 1.220
7510.000 0.752
7515.000 0.454
7520.000 0.723
7525.000 0.602
7530.000 1.539
7535.000 0.763
7540.000 0.507
7545.000 0.868
7550.000 0.932
7555.000 0.951
7560.000 0.747
7565.000 0.991
7570.000 0.641
7575.000 0.629
7580.000 0.802
7585.000 0.565
7590.000 0.754
7595.000 0.742
7600.000 0.823
7605.000 0.693
7610.000 0.836
7615.000 0.741
7620.000 1.101
7625.000 0.873
7630.000 0.753
7635.000 0.917
7640.000 0.483
7645.000 0.520
7650.000 0.574
7655.000 0.835
7660.000 0.415
7665.000 0.874
7670.000 0.819
7675.000 1.011
7680.000 0.996
7685.000 0.746
7690.000 0.780
7695.000 0.679
7700.000 0.875
7705.000 0.726
7710.000 0.322
7715.000 0.604
7720.000 1.022
7725.000 0.863
7730.000 0.449
7735.000 0.661
7740.000 0.833
7745.000 0.995
7750.000 1.024
7755.000 0.997
7760.000 0.673
7765.000 0.990
7770.000 0.872
7775.000 0.658
7780.000 1.157
7785.000 0.690
7790.000 0.852
7795.000 0.670
7800.000 0.791
7805.000 0.726
7810.000 0.882
7815.000 0.834
7820.000 1.016
7825.000 0.591
7830.000 0.660
7835.000 0.914
7840.000 0.762
7845.000 0.715
7850.000 1.381
7855.000 0.477
7860.000 0.845
7865.000 0.609
7870.000 0.713
7875.000 0.720
7880.000 0.489
7885.000 1.016
7890.000 0.696
7895.000 0.804
7900.000 0.772
7905.000 1.062
7910.000 1.027
7915.000 1.281
7920.000 1.055
7925.000 0.926
7930.000 0.572
7935.000 0.765
7940.000 1.012
7945.000 1.135
7950.000 0.809
7955.000 0.906
7960.000 1.018
7965.000 1.499
7970.000 0.880
7975.000 0.786
7980.000 0.811
7985.000 1.388
7990.000 1.215
7995.000 0.983
8000.000 0.912
8005.000 0.643
8010.000 0.893
8015.000 0.882
8020.000 1.144
8025.000 0.660
8030.000 0.613
8035.000 1.115
8040.000 0.857
8045.000 1.196
8050.000 0.750
8055.000 1.183
8060.000 1.037
8065.000 1.208
8070.000 1.009
8075.000 0.988
8080.000 0.741
8085.000 0.741
8090.000 0.929
8095.000 0.683
8100.000 0.662
8105.000 1.514
8110.000 0.975
8115.000 0.482
8120.000 0.542
8125.000 0.721
8130.000 0.664
8135.000 0.834
8140.000 0.566
8145.000 0.744
8150.000 0.749
8155.000 0.792
8160.000 0.682
8165.000 0.392
8170.000 0.967
8175.000 0.990
8180.000 1.277
8185.000 0.668
8190.000 0.747
8195.000 0.798
8200.000 0.816
8205.000 0.671
8210.000 0.459
8215.000 1.000
8220.000 0.723
8225.000 0.877
8230.000 0.968
8235.000 0.757
8240.000 0.503
8245.000 0.782
8250.000 0.789
8255.000 0.717
8260.000 0.445
8265.000 0.942
8270.000 0.828
8275.000 0.655
8280.000 0.540
8285.000 1.052
8290.000 0.973
8295.000 0.635
8300.000 0.781
8305.000 0.744
8310.000 0.913
8315.000 1.122
8320.000 1.122
8325.000 1.326
8330.000 2.702
8335.000 1.031
8340.000 0.673
8345.000 5.920
8350.000 2.305
8355.000 0.839
8360.000 0.653
8365.000 0.642
8370.000 0.805
8375.000 0.657
8380.000 3.147
8385.000 0.620
8390.000 0.819
8395.000 1.103
8400.000 1.030
8405.000 1.103
8410.000 1.064
8415.000 1.291
8420.000 0.776
8425.000 0.802
8430.000 1.022
8435.000 0.952
8440.000 0.479
8445.000 0.849
8450.000 0.871
8455.000 0.679
8460.000 0.580
8465.000 0.601
8470.000 0.714
8475.000 0.919
8480.000 0.947
8485.000 0.643
8490.000 0.634
8495.000 1.045
8500.000 0.713
8505.000 0.954
8510.000 0.627
8515.000 1.152
8520.000 0.572
8525.000 1.505
8530.000 0.998
8535.000 1.405
8540.000 1.063
8545.000 1.017
8550.000 0.908
8555.000 0.578
8560.000 0.545
8565.000 0.886
8570.000 0.923
8575.000 1.454
8580.000 1.830
8585.000 1.603
8590.000 1.603
8595.000 1.052
8600.000 0.834
8605.000 1.537
8610.000 1.048
8615.000 0.826
8620.000 0.967
8625.000 0.849
8630.000 0.469
8635.000 0.837
8640.000 0.984
8645.000 0.671
8650.000 0.777
8655.000 0.714
8660.000 0.515
8665.000 0.688
8670.000 0.433
8675.000 0.752
8680.000 1.121
8685.000 0.490
8690.000 0.611
8695.000 0.712
8700.000 1.055
8705.000 0.668
8710.000 0.491
8715.000 0.651
8720.000 0.719
8725.000 0.827
8730.000 0.573
8735.000 1.014
8740.000 0.990
8745.000 0.589
8750.000 0.743
8755.000 0.727
8760.000 0.348
8765.000 0.659
8770.000 1.009
8775.000 1.198
8780.000 0.683
8785.000 0.718
8790.000 0.872
8795.000 0.470
8800.000 0.921
8805.000 0.580
8810.000 1.171
8815.000 0.570
8820.000 1.211
8825.000 0.654
8830.000 1.014
8835.000 1.267
8840.000 1.372
8845.000 0.738
8850.000 0.440
8855.000 0.625
8860.000 0.844
8865.000 0.837
8870.000 0.547
8875.000 0.586
8880.000 0.986
8885.000 0.528
8890.000 1.228
8895.000 0.575
8900.000 0.957
8905.000 0.514
8910.000 0.418
8915.000 0.517
8920.000 0.332
8925.000 0.508
8930.000 0.615
8935.000 0.384
8940.000 0.647
8945.000 0.560
8950.000 0.648
8955.000 0.368
8960.000 0.358
8965.000 0.804
8970.000 0.813
8975.000 0.747
8980.000 0.882
8985.000 0.753
8990.000 0.698
8995.000 0.619
9000.000 0.918
9005.000 1.070
9010.000 0.715
9015.000 0.537
9020.000 0.714
9025.000 0.744
9030.000 0.567
9035.000 0.916
9040.000 0.620
9045.000 0.783
9050.000 0.794
9055.000 0.699
9060.000 0.728
9065.000 0.841
9070.000 0.883
9075.000 0.773
9080.000 0.600
9085.000 0.810
9090.000 0.555
9095.000 0.459
9100.000 0.411
9105.000 0.735
9110.000 0.736
9115.000 0.773
9120.000 0.826
9125.000 0.530
9130.000 0.929
9135.000 0.651
9140.000 0.543
9145.000 0.626
9150.000 0.645
9155.000 0.657
9160.000 0.675
9165.000 0.675
9170.000 0.714
9175.000 0.742
9180.000 0.542
9185.000 0.360
9190.000 0.534
9195.000 1.939
9200.000 1.179
9205.000 0.733
9210.000 0.645
9215.000 0.688
9220.000 0.851
9225.000 0.731
9230.000 0.813
9235.000 0.951
9240.000 1.015
9245.000 1.073
9250.000 0.898
9255.000 0.803
9260.000 0.660
9265.000 0.450
9270.000 0.387
9275.000 0.463
9280.000 0.734
9285.000 0.594
9290.000 0.551
9295.000 0.921
9300.000 0.614
9305.000 0.747
9310.000 1.200
9315.000 0.648
9320.000 0.555
9325.000 0.628
9330.000 0.717
9335.000 0.507
9340.000 0.818
9345.000 0.652
9350.000 0.737
9355.000 0.615
9360.000 0.921
9365.000 1.665
9370.000 0.539
9375.000 0.809
9380.000 0.990
9385.000 1.323
9390.000 1.051
9395.000 0.925
9400.000 0.898
9405.000 0.707
9410.000 1.054
9415.000 0.717
9420.000 0.928
9425.000 0.608
9430.000 0.953
9435.000 1.032
9440.000 1.039
9445.000 1.574
9450.000 0.799
9455.000 0.892
9460.000 1.377
9465.000 0.591
9470.000 2.222
9475.000 1.358
9480.000 1.066
9485.000 0.633
9490.000 0.814
9495.000 1.369
9500.000 1.010
9505.000 1.073
9510.000 1.377
9515.000 1.959
9520.000 0.995
9525.000 1.296
9530.000 1.225
9535.000 1.531
9540.000 1.735
9545.000 1.679
9550.000 0.807
9555.000 1.287
9560.000 0.778
9565.000 0.723
9570.000 0.947
9575.000 1.052
9580.000 0.706
9585.000 0.560
9590.000 0.905
9595.000 0.897
9600.000 1.136
9605.000 1.350
9610.000 0.898
9615.000 0.850
9620.000 1.795
9625.000 1.497
9630.000 1.573
9635.000 1.087
9640.000 1.035
9645.000 1.184
9650.000 1.438
9655.000 1.579
9660.000 1.090
9665.000 1.594
9670.000 1.174
9675.000 0.921
9680.000 1.328
9685.000 1.309
9690.000 0.908
9695.000 2.036
9700.000 1.011
9705.000 1.469
9710.000 0.812
9715.000 0.864
9720.000 1.014
9725.000 1.304
9730.000 1.268
9735.000 1.122
9740.000 0.724
9745.000 0.622
9750.000 1.173
9755.000 1.495
9760.000 1.149
9765.000 0.723
9770.000 0.894
9775.000 0.692
9780.000 0.859
9785.000 1.173
9790.000 0.884
9795.000 0.706
9800.000 1.016
9805.000 1.519
9810.000 1.307
9815.000 1.026
9820.000 1.367
9825.000 1.151
9830.000 0.665
9835.000 0.533
9840.000 1.224
9845.000 1.039
9850.000 0.619
9855.000 0.856
9860.000 0.421
9865.000 0.802
9870.000 0.753
9875.000 0.751
9880.000 1.681
9885.000 0.969
9890.000 0.700
9895.000 1.071
9900.000 1.068
9905.000 0.632
9910.000 1.048
9915.000 1.057
9920.000 0.837
9925.000 0.559
9930.000 0.850
9935.000 1.763
9940.000 1.226
9945.000 1.026
9950.000 1.037
9955.000 0.775
9960.000 0.850
9965.000 1.214
9970.000 1.237
9975.000 1.018
9980.000 1.044
9985.000 0.676
9990.000 0.990
9995.000 0.988
10000.000 0.850
