105.000 3.714
110.000 2.496
115.000 3.031
120.000 4.635
125.000 3.833
130.000 5.476
135.000 7.466
140.000 2.897
145.000 4.779
150.000 3.191
155.000 6.203
160.000 7.596
165.000 7.542
170.000 11.416
175.000 10.791
180.000 5.274
185.000 7.728
190.000 6.066
195.000 8.926
200.000 4.720
205.000 6.067
210.000 4.290
215.000 6.329
220.000 4.882
225.000 6.471
230.000 10.446
235.000 5.634
240.000 4.091
245.000 6.221
250.000 4.839
255.000 6.742
260.000 3.986
265.000 5.311
270.000 6.085
275.000 3.767
280.000 4.062
285.000 3.262
290.000 4.410
295.000 4.274
300.000 4.945
305.000 3.069
310.000 4.073
315.000 3.408
320.000 4.944
325.000 2.337
330.000 3.237
335.000 3.685
340.000 3.151
345.000 3.656
350.000 2.516
355.000 3.806
360.000 3.348
365.000 5.144
370.000 3.251
375.000 2.925
380.000 2.416
385.000 2.632
390.000 4.700
395.000 3.179
400.000 4.211
405.000 3.466
410.000 2.298
415.000 2.451
420.000 3.997
425.000 20.351
430.000 25.065
435.000 26.905
440.000 31.127
445.000 35.327
450.000 36.328
455.000 7.200
460.000 7.661
465.000 8.193
470.000 7.199
475.000 2.271
480.000 1.645
485.000 1.318
490.000 0.724
495.000 0.773
500.000 0.903
505.000 0.671
510.000 1.053
515.000 1.010
520.000 1.831
525.000 2.804
530.000 1.331
535.000 1.116
540.000 0.835
545.000 1.387
550.000 2.421
555.000 3.041
560.000 2.423
565.000 2.138
570.000 1.802
575.000 2.316
580.000 2.028
585.000 2.378
590.000 2.367
595.000 2.488
600.000 1.256
605.000 2.020
610.000 1.231
615.000 2.700
620.000 2.656
625.000 2.167
630.000 2.435
635.000 1.244
640.000 1.765
645.000 2.190
650.000 2.703
655.000 2.327
660.000 2.390
665.000 2.464
670.000 1.599
675.000 1.036
680.000 2.005
685.000 2.004
690.000 2.112
695.000 1.890
700.000 1.973
705.000 1.985
710.000 1.085
715.000 1.577
720.000 1.459
725.000 1.879
730.000 1.941
735.000 1.895
740.000 1.906
745.000 2.550
750.000 4.482
755.000 2.304
760.000 1.270
765.000 1.264
770.000 1.292
775.000 2.362
780.000 2.135
785.000 1.509
790.000 1.316
795.000 1.572
800.000 1.044
805.000 1.738
810.000 2.014
815.000 2.259
820.000 2.391
825.000 1.712
830.000 1.634
835.000 2.273
840.000 2.573
845.000 1.214
850.000 1.873
855.000 1.335
860.000 1.378
865.000 1.195
870.000 1.773
875.000 2.081
880.000 1.513
885.000 2.837
890.000 2.094
895.000 1.565
900.000 2.192
905.000 2.100
910.000 0.907
915.000 1.927
920.000 1.600
925.000 1.430
930.000 2.138
935.000 1.809
940.000 2.193
945.000 1.306
950.000 1.320
955.000 1.414
960.000 1.694
965.000 1.495
970.000 2.131
975.000 2.897
980.000 1.953
985.000 1.558
990.000 1.269
995.000 1.616
1000.000 1.753
1005.000 2.619
1010.000 1.524
1015.000 1.452
1020.000 1.201
1025.000 1.886
1030.000 1.317
1035.000 1.878
1040.000 2.782
1045.000 2.358
1050.000 2.161
1055.000 1.048
1060.000 0.930
1065.000 1.198
1070.000 2.442
1075.000 1.685
1080.000 2.106
1085.000 1.371
1090.000 1.859
1095.000 2.328
1100.000 2.874
1105.000 1.426
1110.000 1.995
1115.000 1.352
1120.000 1.444
1125.000 2.072
1130.000 2.651
1135.000 3.179
1140.000 2.533
1145.000 1.593
1150.000 1.101
1155.000 1.315
1160.000 2.345
1165.000 3.150
1170.000 2.289
1175.000 1.708
1180.000 1.158
1185.000 1.155
1190.000 2.501
1195.000 2.016
1200.000 1.993
1205.000 1.320
1210.000 1.470
1215.000 1.220
1220.000 1.242
1225.000 2.009
1230.000 1.542
1235.000 1.481
1240.000 0.853
1245.000 0.954
1250.000 0.835
1255.000 1.754
1260.000 1.723
1265.000 2.448
1270.000 1.365
1275.000 1.125
1280.000 1.561
1285.000 2.071
1290.000 1.500
1295.000 1.683
1300.000 1.941
1305.000 0.922
1310.000 0.813
1315.000 1.548
1320.000 1.873
1325.000 1.792
1330.000 1.403
1335.000 0.942
1340.000 1.331
1345.000 1.823
1350.000 2.177
1355.000 1.541
1360.000 1.866
1365.000 1.583
1370.000 0.619
1375.000 1.857
1380.000 1.955
1385.000 1.331
1390.000 1.261
1395.000 0.999
1400.000 0.740
1405.000 1.430
1410.000 1.028
1415.000 2.036
1420.000 1.473
1425.000 1.337
1430.000 2.421
1435.000 1.162
1440.000 1.908
1445.000 2.069
1450.000 2.451
1455.000 2.684
1460.000 1.298
1465.000 1.811
1470.000 0.852
1475.000 1.269
1480.000 2.133
1485.000 1.531
1490.000 2.284
1495.000 1.631
1500.000 1.640
1505.000 1.754
1510.000 2.407
1515.000 1.223
1520.000 2.098
1525.000 1.822
1530.000 1.092
1535.000 1.427
1540.000 1.426
1545.000 1.539
1550.000 1.997
1555.000 1.340
1560.000 1.371
1565.000 0.963
1570.000 1.346
1575.000 1.214
1580.000 1.732
1585.000 1.605
1590.000 1.112
1595.000 1.533
1600.000 1.894
1605.000 1.017
1610.000 2.087
1615.000 1.437
1620.000 1.130
1625.000 0.824
1630.000 1.122
1635.000 1.479
1640.000 2.027
1645.000 1.646
1650.000 1.339
1655.000 1.169
1660.000 0.934
1665.000 0.856
1670.000 1.455
1675.000 2.331
1680.000 1.584
1685.000 1.657
1690.000 0.746
1695.000 0.784
1700.000 1.457
1705.000 1.332
1710.000 2.921
1715.000 1.148
1720.000 1.257
1725.000 1.193
1730.000 1.640
1735.000 1.852
1740.000 1.526
1745.000 1.341
1750.000 0.831
1755.000 1.207
1760.000 1.784
1765.000 2.217
1770.000 1.951
1775.000 1.884
1780.000 1.152
1785.000 1.178
1790.000 1.470
1795.000 2.261
1800.000 1.751
1805.000 1.592
1810.000 2.502
1815.000 1.456
1820.000 1.518
1825.000 1.077
1830.000 1.249
1835.000 1.347
1840.000 1.546
1845.000 1.706
1850.000 0.918
1855.000 1.846
1860.000 1.157
1865.000 1.945
1870.000 1.989
1875.000 2.214
1880.000 1.723
1885.000 1.616
1890.000 1.024
1895.000 2.071
1900.000 1.467
1905.000 1.736
1910.000 0.879
1915.000 0.831
1920.000 1.162
1925.000 1.078
1930.000 1.531
1935.000 1.947
1940.000 1.410
1945.000 0.881
1950.000 1.580
1955.000 1.307
1960.000 1.628
1965.000 1.288
1970.000 1.309
1975.000 0.882
1980.000 1.263
1985.000 0.786
1990.000 1.575
1995.000 1.403
2000.000 1.168
2005.000 1.057
2010.000 1.001
2015.000 1.062
2020.000 1.118
2025.000 1.136
2030.000 2.235
2035.000 1.227
2040.000 0.873
2045.000 1.085
2050.000 1.354
2055.000 1.738
2060.000 1.235
2065.000 1.172
2070.000 1.353
2075.000 0.848
2080.000 1.505
2085.000 1.621
2090.000 1.792
2095.000 0.839
2100.000 1.665
2105.000 0.898
2110.000 1.098
2115.000 1.341
2120.000 0.934
2125.000 1.446
2130.000 0.957
2135.000 1.512
2140.000 0.926
2145.000 1.296
2150.000 1.894
2155.000 1.283
2160.000 1.721
2165.000 1.333
2170.000 1.070
2175.000 0.761
2180.000 0.522
2185.000 1.440
2190.000 2.172
2195.000 0.832
2200.000 0.958
2205.000 0.857
2210.000 0.685
2215.000 0.842
2220.000 1.031
2225.000 1.081
2230.000 1.040
2235.000 1.022
2240.000 0.831
2245.000 1.128
2250.000 1.394
2255.000 2.684
2260.000 0.741
2265.000 1.097
2270.000 0.876
2275.000 1.583
2280.000 1.380
2285.000 1.863
2290.000 1.477
2295.000 1.274
2300.000 0.948
2305.000 0.692
2310.000 1.276
2315.000 1.515
2320.000 1.483
2325.000 1.190
2330.000 0.685
2335.000 0.638
2340.000 1.265
2345.000 1.413
2350.000 0.959
2355.000 1.532
2360.000 0.927
2365.000 0.940
2370.000 0.977
2375.000 1.745
2380.000 1.380
2385.000 0.863
2390.000 1.090
2395.000 1.227
2400.000 1.089
2405.000 1.649
2410.000 1.786
2415.000 0.873
2420.000 0.936
2425.000 0.856
2430.000 0.680
2435.000 1.040
2440.000 1.571
2445.000 1.114
2450.000 1.103
2455.000 0.710
2460.000 0.471
2465.000 0.901
2470.000 1.596
2475.000 1.374
2480.000 1.200
2485.000 0.806
2490.000 0.664
2495.000 0.970
2500.000 1.122
2505.000 1.361
2510.000 1.563
2515.000 0.950
2520.000 0.605
2525.000 0.945
2530.000 1.311
2535.000 0.697
2540.000 0.957
2545.000 1.096
2550.000 0.935
2555.000 1.119
2560.000 0.492
2565.000 1.060
2570.000 0.866
2575.000 0.924
2580.000 0.738
2585.000 0.552
2590.000 0.692
2595.000 1.014
2600.000 1.116
2605.000 1.253
2610.000 1.057
2615.000 0.741
2620.000 0.736
2625.000 0.593
2630.000 0.880
2635.000 1.101
2640.000 0.942
2645.000 1.384
2650.000 0.695
2655.000 0.844
2660.000 0.607
2665.000 0.984
2670.000 0.908
2675.000 0.863
2680.000 0.634
2685.000 0.750
2690.000 0.764
2695.000 0.953
2700.000 1.147
2705.000 1.081
2710.000 0.910
2715.000 0.489
2720.000 0.929
2725.000 1.125
2730.000 0.947
2735.000 0.939
2740.000 0.927
2745.000 1.087
2750.000 0.557
2755.000 1.170
2760.000 1.202
2765.000 1.207
2770.000 1.085
2775.000 0.716
2780.000 0.754
2785.000 0.788
2790.000 0.609
2795.000 1.144
2800.000 0.808
2805.000 0.858
2810.000 0.558
2815.000 0.690
2820.000 0.852
2825.000 0.821
2830.000 0.800
2835.000 1.056
2840.000 0.861
2845.000 0.680
2850.000 0.837
2855.000 0.796
2860.000 1.105
2865.000 0.810
2870.000 0.671
2875.000 0.754
2880.000 1.011
2885.000 1.076
2890.000 1.048
2895.000 1.015
2900.000 0.786
2905.000 0.691
2910.000 0.547
2915.000 0.660
2920.000 1.217
2925.000 1.187
2930.000 1.033
2935.000 0.708
2940.000 0.610
2945.000 1.177
2950.000 0.873
2955.000 1.633
2960.000 0.741
2965.000 0.809
2970.000 0.783
2975.000 0.638
2980.000 0.815
2985.000 1.110
2990.000 1.286
2995.000 0.845
3000.000 0.655
3005.000 0.483
3010.000 0.673
3015.000 0.923
3020.000 0.750
3025.000 1.062
3030.000 0.672
3035.000 0.815
3040.000 0.427
3045.000 1.054
3050.000 1.042
3055.000 1.409
3060.000 0.805
3065.000 0.613
3070.000 0.939
3075.000 0.819
3080.000 1.153
3085.000 1.320
3090.000 0.850
3095.000 0.653
3100.000 0.702
3105.000 0.663
3110.000 1.273
3115.000 1.194
3120.000 0.933
3125.000 0.922
3130.000 0.513
3135.000 0.961
3140.000 1.242
3145.000 0.449
3150.000 0.941
3155.000 0.752
3160.000 0.587
3165.000 0.514
3170.000 0.617
3175.000 1.096
3180.000 0.982
3185.000 1.032
3190.000 0.676
3195.000 1.114
3200.000 0.483
3205.000 0.709
3210.000 0.737
3215.000 0.769
3220.000 0.983
3225.000 0.385
3230.000 0.720
3235.000 1.004
3240.000 1.292
3245.000 1.274
3250.000 0.678
3255.000 0.664
3260.000 0.591
3265.000 1.010
3270.000 0.828
3275.000 0.934
3280.000 0.779
3285.000 1.219
3290.000 0.830
3295.000 0.600
3300.000 0.834
3305.000 0.961
3310.000 0.981
3315.000 1.209
3320.000 0.871
3325.000 0.564
3330.000 0.812
3335.000 1.193
3340.000 0.743
3345.000 1.128
3350.000 0.707
3355.000 0.761
3360.000 0.943
3365.000 0.880
3370.000 0.586
3375.000 0.780
3380.000 1.160
3385.000 0.545
3390.000 0.689
3395.000 0.874
3400.000 0.903
3405.000 0.931
3410.000 0.599
3415.000 0.588
3420.000 0.514
3425.000 3.787
3430.000 14.759
3435.000 30.259
3440.000 8.414
3445.000 1.922
3450.000 0.266
3455.000 0.000
3460.000 0.000
3465.000 0.000
3470.000 0.023
3475.000 3.634
3480.000 4.462
3485.000 5.009
3490.000 5.302
3495.000 5.270
3500.000 6.327
3505.000 6.160
3510.000 6.056
3515.000 6.984
3520.000 6.589
3525.000 6.901
3530.000 5.476
3535.000 4.780
3540.000 4.378
3545.000 0.000
3550.000 0.000
3555.000 0.000
3560.000 0.000
3565.000 0.870
3570.000 2.375
3575.000 1.242
3580.000 0.244
3585.000 0.224
3590.000 0.271
3595.000 0.347
3600.000 0.284
3605.000 0.478
3610.000 0.382
3615.000 0.468
3620.000 0.479
3625.000 0.458
3630.000 0.561
3635.000 0.497
3640.000 0.416
3645.000 0.718
3650.000 0.615
3655.000 0.426
3660.000 0.680
3665.000 0.643
3670.000 0.617
3675.000 0.521
3680.000 0.616
3685.000 0.332
3690.000 0.283
3695.000 0.662
3700.000 0.618
3705.000 0.660
3710.000 0.407
3715.000 0.714
3720.000 0.620
3725.000 0.784
3730.000 0.518
3735.000 0.471
3740.000 0.510
3745.000 0.492
3750.000 0.848
3755.000 0.643
3760.000 0.564
3765.000 0.782
3770.000 0.501
3775.000 0.421
3780.000 0.700
3785.000 0.535
3790.000 0.651
3795.000 0.779
3800.000 0.576
3805.000 0.565
3810.000 0.771
3815.000 0.740
3820.000 0.785
3825.000 0.335
3830.000 0.484
3835.000 0.789
3840.000 0.575
3845.000 0.612
3850.000 1.009
3855.000 0.915
3860.000 0.370
3865.000 0.822
3870.000 0.671
3875.000 0.676
3880.000 0.474
3885.000 0.701
3890.000 0.921
3895.000 0.658
3900.000 0.470
3905.000 0.936
3910.000 1.355
3915.000 0.935
3920.000 0.869
3925.000 0.301
3930.000 0.244
3935.000 0.369
3940.000 0.392
3945.000 0.471
3950.000 0.583
3955.000 0.526
3960.000 0.617
3965.000 0.490
3970.000 0.632
3975.000 0.453
3980.000 0.699
3985.000 0.340
3990.000 0.693
3995.000 0.319
4000.000 0.577
4005.000 0.541
4010.000 0.739
4015.000 0.678
4020.000 0.699
4025.000 0.632
4030.000 0.701
4035.000 0.676
4040.000 0.559
4045.000 0.722
4050.000 0.939
4055.000 0.501
4060.000 0.592
4065.000 0.579
4070.000 0.634
4075.000 0.676
4080.000 0.552
4085.000 0.603
4090.000 0.554
4095.000 0.358
4100.000 0.834
4105.000 0.561
4110.000 0.921
4115.000 0.726
4120.000 0.418
4125.000 0.551
4130.000 0.631
4135.000 0.734
4140.000 0.450
4145.000 0.865
4150.000 0.774
4155.000 0.466
4160.000 0.620
4165.000 0.494
4170.000 0.786
4175.000 0.579
4180.000 0.363
4185.000 0.864
4190.000 0.750
4195.000 0.815
4200.000 0.584
4205.000 0.665
4210.000 0.407
4215.000 0.394
4220.000 0.535
4225.000 0.339
4230.000 0.531
4235.000 0.790
4240.000 0.703
4245.000 0.619
4250.000 0.734
4255.000 0.554
4260.000 0.516
4265.000 0.628
4270.000 0.663
4275.000 0.638
4280.000 0.725
4285.000 0.345
4290.000 0.648
4295.000 0.590
4300.000 0.514
4305.000 0.447
4310.000 0.397
4315.000 0.662
4320.000 0.341
4325.000 0.503
4330.000 0.482
4335.000 0.623
4340.000 0.499
4345.000 0.497
4350.000 0.491
4355.000 0.492
4360.000 0.752
4365.000 0.473
4370.000 0.540
4375.000 0.696
4380.000 0.418
4385.000 0.663
4390.000 0.498
4395.000 0.735
4400.000 0.703
4405.000 0.504
4410.000 0.557
4415.000 0.394
4420.000 0.815
4425.000 0.473
4430.000 0.609
4435.000 0.651
4440.000 0.638
4445.000 0.485
4450.000 0.619
4455.000 0.568
4460.000 0.626
4465.000 0.261
4470.000 0.792
4475.000 0.531
4480.000 0.864
4485.000 0.503
4490.000 0.413
4495.000 0.487
4500.000 0.310
4505.000 0.540
4510.000 0.554
4515.000 0.452
4520.000 0.481
4525.000 0.414
4530.000 0.528
4535.000 0.488
4540.000 0.435
4545.000 0.752
4550.000 0.532
4555.000 0.447
4560.000 0.523
4565.000 0.472
4570.000 0.252
4575.000 0.890
4580.000 0.378
4585.000 0.575
4590.000 0.488
4595.000 0.786
4600.000 0.331
4605.000 0.413
4610.000 0.567
4615.000 0.603
4620.000 0.609
4625.000 0.682
4630.000 0.468
4635.000 0.559
4640.000 0.673
4645.000 0.567
4650.000 0.722
4655.000 0.689
4660.000 0.427
4665.000 0.613
4670.000 0.568
4675.000 0.623
4680.000 0.566
4685.000 0.433
4690.000 0.733
4695.000 0.686
4700.000 0.543
4705.000 0.410
4710.000 0.340
4715.000 0.727
4720.000 0.453
4725.000 0.834
4730.000 0.697
4735.000 0.482
4740.000 0.462
4745.000 0.631
4750.000 0.366
4755.000 0.504
4760.000 0.443
4765.000 0.594
4770.000 0.635
4775.000 0.665
4780.000 0.471
4785.000 0.359
4790.000 0.399
4795.000 0.620
4800.000 0.642
4805.000 0.378
4810.000 0.598
4815.000 0.609
4820.000 0.620
4825.000 0.612
4830.000 0.877
4835.000 0.863
4840.000 1.172
4845.000 0.634
4850.000 0.725
4855.000 0.864
4860.000 0.585
4865.000 0.495
4870.000 0.643
4875.000 0.778
4880.000 0.785
4885.000 0.434
4890.000 0.512
4895.000 0.467
4900.000 0.488
4905.000 0.799
4910.000 0.544
4915.000 0.779
4920.000 0.499
4925.000 0.499
4930.000 0.843
4935.000 0.676
4940.000 0.879
4945.000 1.020
4950.000 1.038
4955.000 0.991
4960.000 0.478
4965.000 0.731
4970.000 0.529
4975.000 0.870
4980.000 0.695
4985.000 0.773
4990.000 0.718
4995.000 0.448
5000.000 0.882
5005.000 0.694
5010.000 0.808
5015.000 0.913
5020.000 0.687
5025.000 0.434
5030.000 1.021
5035.000 0.373
5040.000 0.902
5045.000 0.665
5050.000 0.565
5055.000 0.988
5060.000 0.969
5065.000 0.447
5070.000 0.637
5075.000 0.866
5080.000 0.840
5085.000 1.045
5090.000 0.924
5095.000 0.896
5100.000 1.403
5105.000 0.716
5110.000 0.583
5115.000 1.230
5120.000 0.801
5125.000 0.778
5130.000 0.531
5135.000 0.440
5140.000 0.727
5145.000 0.391
5150.000 0.950
5155.000 1.087
5160.000 0.442
5165.000 0.674
5170.000 0.592
5175.000 0.711
5180.000 0.925
5185.000 0.820
5190.000 0.553
5195.000 0.976
5200.000 0.744
5205.000 0.764
5210.000 0.635
5215.000 0.842
5220.000 0.461
5225.000 0.651
5230.000 0.549
5235.000 0.432
5240.000 0.697
5245.000 0.471
5250.000 0.566
5255.000 0.474
5260.000 0.752
5265.000 0.795
5270.000 0.839
5275.000 0.699
5280.000 0.836
5285.000 0.780
5290.000 0.456
5295.000 0.533
5300.000 0.838
5305.000 1.459
5310.000 0.595
5315.000 0.631
5320.000 0.986
5325.000 0.811
5330.000 0.711
5335.000 0.734
5340.000 0.506
5345.000 0.346
5350.000 0.848
5355.000 0.387
5360.000 0.618
5365.000 0.758
5370.000 0.559
5375.000 0.591
5380.000 0.692
5385.000 1.095
5390.000 0.547
5395.000 0.731
5400.000 0.801
5405.000 0.683
5410.000 0.824
5415.000 0.944
5420.000 0.536
5425.000 0.633
5430.000 0.649
5435.000 0.580
5440.000 0.662
5445.000 0.613
5450.000 0.635
5455.000 0.754
5460.000 0.825
5465.000 0.671
5470.000 0.664
5475.000 0.498
5480.000 0.743
5485.000 1.205
5490.000 0.612
5495.000 0.772
5500.000 0.750
5505.000 0.977
5510.000 0.731
5515.000 0.637
5520.000 0.468
5525.000 0.778
5530.000 0.736
5535.000 0.931
5540.000 1.206
5545.000 0.994
5550.000 1.236
5555.000 0.990
5560.000 1.038
5565.000 1.238
5570.000 0.866
5575.000 0.455
5580.000 0.672
5585.000 0.778
5590.000 0.697
5595.000 0.659
5600.000 0.379
5605.000 0.610
5610.000 0.575
5615.000 0.791
5620.000 0.828
5625.000 0.595
5630.000 0.664
5635.000 0.453
5640.000 0.392
5645.000 0.794
5650.000 0.659
5655.000 0.967
5660.000 1.027
5665.000 0.680
5670.000 0.922
5675.000 0.668
5680.000 0.568
5685.000 0.678
5690.000 0.563
5695.000 0.610
5700.000 0.615
5705.000 0.765
5710.000 0.704
5715.000 0.975
5720.000 0.562
5725.000 0.810
5730.000 0.718
5735.000 0.739
5740.000 1.158
5745.000 0.482
5750.000 0.887
5755.000 0.597
5760.000 0.530
5765.000 0.518
5770.000 0.940
5775.000 0.814
5780.000 0.892
5785.000 0.536
5790.000 0.498
5795.000 0.760
5800.000 0.590
5805.000 0.709
5810.000 0.950
5815.000 0.739
5820.000 0.499
5825.000 0.818
5830.000 0.827
5835.000 0.441
5840.000 0.710
5845.000 0.683
5850.000 0.614
5855.000 0.503
5860.000 0.772
5865.000 1.025
5870.000 0.516
5875.000 0.446
5880.000 0.561
5885.000 0.675
5890.000 0.546
5895.000 0.520
5900.000 0.781
5905.000 0.670
5910.000 0.611
5915.000 0.854
5920.000 0.525
5925.000 0.657
5930.000 0.707
5935.000 0.687
5940.000 0.751
5945.000 0.835
5950.000 0.673
5955.000 0.929
5960.000 0.533
5965.000 0.971
5970.000 0.806
5975.000 0.860
5980.000 0.879
5985.000 0.976
5990.000 1.077
5995.000 0.603
6000.000 0.840
6005.000 0.796
6010.000 0.480
6015.000 0.881
6020.000 0.345
6025.000 0.735
6030.000 0.789
6035.000 0.712
6040.000 0.348
6045.000 0.961
6050.000 0.672
6055.000 0.678
6060.000 0.880
6065.000 1.123
6070.000 1.090
6075.000 0.490
6080.000 0.564
6085.000 0.460
6090.000 0.540
6095.000 0.569
6100.000 0.786
6105.000 0.477
6110.000 0.549
6115.000 0.793
6120.000 0.586
6125.000 0.325
6130.000 0.707
6135.000 0.504
6140.000 0.726
6145.000 0.534
6150.000 1.059
6155.000 0.796
6160.000 0.694
6165.000 1.120
6170.000 0.841
6175.000 0.495
6180.000 0.674
6185.000 1.192
6190.000 0.668
6195.000 0.590
6200.000 0.701
6205.000 0.707
6210.000 0.418
6215.000 1.087
6220.000 0.447
6225.000 0.668
6230.000 0.544
6235.000 0.707
6240.000 1.110
6245.000 0.651
6250.000 0.554
6255.000 0.539
6260.000 0.805
6265.000 0.939
6270.000 0.851
6275.000 0.744
6280.000 1.060
6285.000 0.785
6290.000 0.523
6295.000 0.666
6300.000 0.614
6305.000 0.739
6310.000 0.341
6315.000 0.777
6320.000 0.575
6325.000 0.517
6330.000 0.623
6335.000 0.741
6340.000 0.824
6345.000 1.150
6350.000 0.828
6355.000 1.144
6360.000 0.776
6365.000 0.934
6370.000 0.852
6375.000 0.608
6380.000 0.764
6385.000 0.736
6390.000 0.515
6395.000 0.485
6400.000 0.620
6405.000 0.560
6410.000 0.890
6415.000 0.761
6420.000 0.648
6425.000 0.720
6430.000 0.557
6435.000 0.868
6440.000 0.634
6445.000 0.697
6450.000 0.762
6455.000 0.815
6460.000 0.528
6465.000 0.399
6470.000 0.593
6475.000 0.798
6480.000 0.667
6485.000 0.660
6490.000 0.549
6495.000 0.763
6500.000 0.505
6505.000 0.632
6510.000 0.698
6515.000 0.629
6520.000 0.517
6525.000 0.757
6530.000 0.564
6535.000 0.562
6540.000 0.690
6545.000 0.530
6550.000 1.089
6555.000 0.855
6560.000 0.418
6565.000 0.516
6570.000 0.451
6575.000 0.977
6580.000 0.603
6585.000 0.885
6590.000 0.703
6595.000 0.576
6600.000 1.051
6605.000 0.944
6610.000 0.685
6615.000 0.830
6620.000 0.570
6625.000 0.601
6630.000 0.593
6635.000 0.747
6640.000 0.743
6645.000 0.573
6650.000 0.634
6655.000 0.625
6660.000 0.930
6665.000 0.967
6670.000 0.856
6675.000 0.711
6680.000 1.128
6685.000 0.626
6690.000 0.737
6695.000 0.691
6700.000 0.599
6705.000 0.717
6710.000 0.671
6715.000 0.528
6720.000 0.581
6725.000 0.848
6730.000 0.724
6735.000 1.139
6740.000 0.967
6745.000 0.740
6750.000 0.654
6755.000 0.629
6760.000 1.132
6765.000 0.766
6770.000 0.691
6775.000 0.617
6780.000 0.483
6785.000 0.576
6790.000 0.716
6795.000 1.057
6800.000 0.771
6805.000 0.704
6810.000 0.527
6815.000 0.532
6820.000 0.798
6825.000 0.661
6830.000 0.557
6835.000 0.835
6840.000 1.259
6845.000 5.961
6850.000 46.225
6855.000 57.983
6860.000 7.474
6865.000 0.961
6870.000 0.447
6875.000 0.586
6880.000 0.913
6885.000 1.533
6890.000 2.068
6895.000 2.480
6900.000 2.674
6905.000 2.982
6910.000 3.301
6915.000 3.436
6920.000 3.257
6925.000 3.449
6930.000 3.720
6935.000 3.750
6940.000 3.735
6945.000 3.606
6950.000 3.570
6955.000 2.563
6960.000 5.284
6965.000 2.603
6970.000 0.000
6975.000 0.000
6980.000 0.000
6985.000 0.099
6990.000 2.734
6995.000 0.795
7000.000 0.176
7005.000 0.177
7010.000 0.239
7015.000 0.283
7020.000 0.337
7025.000 0.566
7030.000 0.227
7035.000 0.289
7040.000 0.544
7045.000 0.459
7050.000 0.413
7055.000 0.825
7060.000 0.516
7065.000 0.810
7070.000 0.381
7075.000 0.569
7080.000 0.604
7085.000 0.380
7090.000 0.737
7095.000 0.813
7100.000 0.679
7105.000 0.577
7110.000 0.697
7115.000 0.712
7120.000 0.931
7125.000 0.665
7130.000 0.339
7135.000 0.664
7140.000 0.573
7145.000 0.847
7150.000 0.858
7155.000 0.901
7160.000 0.862
7165.000 0.711
7170.000 0.738
7175.000 1.181
7180.000 0.907
7185.000 0.661
7190.000 0.768
7195.000 0.565
7200.000 0.869
7205.000 0.632
7210.000 0.437
7215.000 0.980
7220.000 0.693
7225.000 0.699
7230.000 0.651
7235.000 0.502
7240.000 0.657
7245.000 0.991
7250.000 0.630
7255.000 0.663
7260.000 1.017
7265.000 1.081
7270.000 1.496
7275.000 1.484
7280.000 1.788
7285.000 1.646
7290.000 0.942
7295.000 0.687
7300.000 1.257
7305.000 1.276
7310.000 1.165
7315.000 1.085
7320.000 1.011
7325.000 0.803
7330.000 1.118
7335.000 0.866
7340.000 0.584
7345.000 1.072
7350.000 0.984
7355.000 1.560
7360.000 0.561
7365.000 0.541
7370.000 1.115
7375.000 0.820
7380.000 0.635
7385.000 0.507
7390.000 0.902
7395.000 1.074
7400.000 1.079
7405.000 1.474
7410.000 1.231
7415.000 1.039
7420.000 0.863
7425.000 1.170
7430.000 1.189
7435.000 1.692
7440.000 1.241
7445.000 1.018
7450.000 0.914
7455.000 0.811
7460.000 1.358
7465.000 0.960
7470.000 1.384
7475.000 0.832
7480.000 1.145
7485.000 0.763
7490.000 0.701
7495.000 0.790
7500.000 1.372
7505.000 1.228
7510.000 0.743
7515.000 1.073
7520.000 0.957
7525.000 0.659
7530.000 0.686
7535.000 1.444
7540.000 0.519
7545.000 0.748
7550.000 1.035
7555.000 0.915
7560.000 1.313
7565.000 1.021
7570.000 1.090
7575.000 1.154
7580.000 1.069
7585.000 1.347
7590.000 1.140
7595.000 1.364
7600.000 0.942
7605.000 0.923
7610.000 1.205
7615.000 0.589
7620.000 0.711
7625.000 1.141
7630.000 0.821
7635.000 0.976
7640.000 0.716
7645.000 1.285
7650.000 1.645
7655.000 0.968
7660.000 1.101
7665.000 1.115
7670.000 1.385
7675.000 0.842
7680.000 0.779
7685.000 0.428
7690.000 0.928
7695.000 1.342
7700.000 1.047
7705.000 0.519
7710.000 1.112
7715.000 0.996
7720.000 1.236
7725.000 1.163
7730.000 0.475
7735.000 0.798
7740.000 0.994
7745.000 0.677
7750.000 0.959
7755.000 0.977
7760.000 0.810
7765.000 0.785
7770.000 1.490
7775.000 0.918
7780.000 0.932
7785.000 1.392
7790.000 1.076
7795.000 0.632
7800.000 0.961
7805.000 1.071
7810.000 0.617
7815.000 0.920
7820.000 1.345
7825.000 0.937
7830.000 0.378
7835.000 1.513
7840.000 1.331
7845.000 1.086
7850.000 1.452
7855.000 0.857
7860.000 0.923
7865.000 1.384
7870.000 1.537
7875.000 1.085
7880.000 1.336
7885.000 0.730
7890.000 1.515
7895.000 0.742
7900.000 0.860
7905.000 0.883
7910.000 0.778
7915.000 1.406
7920.000 1.019
7925.000 0.703
7930.000 1.206
7935.000 1.111
7940.000 0.999
7945.000 1.626
7950.000 1.282
7955.000 0.943
7960.000 1.141
7965.000 0.770
7970.000 0.723
7975.000 1.014
7980.000 0.937
7985.000 1.031
7990.000 0.989
7995.000 1.000
8000.000 0.863
8005.000 0.982
8010.000 0.864
8015.000 1.294
8020.000 1.594
8025.000 0.737
8030.000 0.812
8035.000 0.497
8040.000 0.842
8045.000 0.678
8050.000 0.689
8055.000 1.145
8060.000 0.960
8065.000 0.728
8070.000 1.627
8075.000 1.329
8080.000 1.191
8085.000 1.411
8090.000 1.237
8095.000 1.092
8100.000 0.860
8105.000 1.223
8110.000 1.220
8115.000 0.690
8120.000 1.115
8125.000 1.525
8130.000 1.206
8135.000 0.593
8140.000 0.968
8145.000 1.535
8150.000 1.191
8155.000 0.940
8160.000 1.387
8165.000 1.819
8170.000 1.528
8175.000 1.717
8180.000 1.463
8185.000 1.150
8190.000 1.562
8195.000 2.682
8200.000 2.479
8205.000 1.223
8210.000 0.589
8215.000 0.642
8220.000 0.634
8225.000 0.805
8230.000 0.961
8235.000 0.740
8240.000 0.476
8245.000 0.842
8250.000 0.535
8255.000 0.866
8260.000 0.668
8265.000 0.616
8270.000 0.736
8275.000 0.568
8280.000 0.695
8285.000 0.602
8290.000 0.960
8295.000 0.479
8300.000 0.765
8305.000 1.155
8310.000 1.216
8315.000 0.566
8320.000 0.489
8325.000 0.527
8330.000 0.345
8335.000 0.535
8340.000 0.878
8345.000 0.764
8350.000 0.493
8355.000 0.834
8360.000 1.027
8365.000 0.661
8370.000 1.073
8375.000 0.688
8380.000 0.837
8385.000 0.556
8390.000 1.112
8395.000 0.792
8400.000 1.092
8405.000 0.663
8410.000 1.210
8415.000 0.513
8420.000 0.570
8425.000 0.556
8430.000 0.757
8435.000 0.705
8440.000 0.643
8445.000 1.240
8450.000 0.598
8455.000 0.707
8460.000 0.524
8465.000 1.259
8470.000 0.584
8475.000 0.412
8480.000 0.688
8485.000 1.142
8490.000 0.650
8495.000 0.424
8500.000 0.647
8505.000 0.778
8510.000 0.779
8515.000 0.578
8520.000 0.603
8525.000 0.692
8530.000 0.378
8535.000 0.719
8540.000 0.854
8545.000 0.963
8550.000 0.519
8555.000 0.609
8560.000 0.632
8565.000 0.603
8570.000 0.588
8575.000 0.642
8580.000 0.857
8585.000 0.848
8590.000 0.633
8595.000 0.520
8600.000 0.510
8605.000 0.400
8610.000 0.835
8615.000 0.679
8620.000 0.449
8625.000 1.078
8630.000 0.458
8635.000 0.426
8640.000 0.500
8645.000 0.703
8650.000 0.778
8655.000 0.432
8660.000 0.623
8665.000 0.826
8670.000 0.555
8675.000 0.505
8680.000 0.469
8685.000 0.684
8690.000 0.740
8695.000 1.011
8700.000 0.590
8705.000 0.554
8710.000 0.613
8715.000 1.041
8720.000 0.533
8725.000 0.606
8730.000 0.400
8735.000 0.922
8740.000 0.467
8745.000 0.781
8750.000 0.874
8755.000 0.673
8760.000 0.752
8765.000 0.656
8770.000 0.882
8775.000 0.631
8780.000 0.696
8785.000 0.783
8790.000 0.507
8795.000 0.846
8800.000 0.531
8805.000 0.494
8810.000 0.765
8815.000 0.662
8820.000 0.795
8825.000 0.817
8830.000 0.809
8835.000 0.693
8840.000 0.616
8845.000 0.680
8850.000 0.628
8855.000 0.732
8860.000 0.741
8865.000 0.651
8870.000 0.672
8875.000 0.736
8880.000 0.977
8885.000 0.903
8890.000 0.559
8895.000 0.602
8900.000 0.873
8905.000 0.772
8910.000 0.318
8915.000 0.664
8920.000 0.597
8925.000 0.529
8930.000 0.807
8935.000 0.648
8940.000 0.649
8945.000 0.665
8950.000 0.740
8955.000 0.569
8960.000 0.391
8965.000 0.746
8970.000 0.905
8975.000 0.746
8980.000 0.795
8985.000 1.150
8990.000 0.656
8995.000 0.641
9000.000 0.446
9005.000 0.717
9010.000 0.542
9015.000 0.764
9020.000 0.885
9025.000 0.506
9030.000 0.531
9035.000 0.815
9040.000 1.001
9045.000 0.460
9050.000 0.437
9055.000 0.703
9060.000 0.682
9065.000 0.595
9070.000 0.635
9075.000 0.992
9080.000 0.815
9085.000 0.667
9090.000 1.092
9095.000 0.827
9100.000 1.004
9105.000 0.864
9110.000 1.248
9115.000 1.100
9120.000 0.788
9125.000 1.203
9130.000 1.260
9135.000 0.827
9140.000 0.799
9145.000 0.403
9150.000 0.457
9155.000 0.602
9160.000 0.763
9165.000 0.999
9170.000 0.698
9175.000 0.670
9180.000 1.055
9185.000 0.697
9190.000 0.588
9195.000 0.583
9200.000 0.521
9205.000 0.740
9210.000 0.476
9215.000 0.431
9220.000 0.636
9225.000 0.477
9230.000 0.615
9235.000 0.975
9240.000 0.607
9245.000 0.495
9250.000 0.668
9255.000 0.588
9260.000 0.754
9265.000 0.474
9270.000 0.802
9275.000 0.490
9280.000 0.753
9285.000 0.933
9290.000 1.269
9295.000 1.535
9300.000 0.628
9305.000 0.992
9310.000 0.990
9315.000 0.859
9320.000 0.550
9325.000 0.688
9330.000 0.741
9335.000 0.643
9340.000 0.514
9345.000 0.463
9350.000 0.680
9355.000 0.812
9360.000 0.761
9365.000 0.620
9370.000 0.673
9375.000 0.696
9380.000 1.085
9385.000 1.012
9390.000 0.859
9395.000 0.887
9400.000 0.838
9405.000 0.977
9410.000 1.001
9415.000 0.675
9420.000 0.967
9425.000 0.750
9430.000 0.803
9435.000 0.825
9440.000 0.652
9445.000 0.736
9450.000 0.735
9455.000 0.625
9460.000 1.046
9465.000 1.236
9470.000 1.082
9475.000 0.627
9480.000 0.758
9485.000 0.731
9490.000 0.409
9495.000 0.471
9500.000 0.543
9505.000 0.820
9510.000 0.589
9515.000 0.589
9520.000 0.789
9525.000 0.739
9530.000 0.559
9535.000 0.472
9540.000 0.673
9545.000 0.767
9550.000 0.973
9555.000 0.492
9560.000 0.944
9565.000 0.696
9570.000 0.549
9575.000 0.527
9580.000 1.150
9585.000 0.741
9590.000 0.411
9595.000 0.653
9600.000 0.938
9605.000 0.943
9610.000 0.763
9615.000 0.936
9620.000 0.856
9625.000 0.572
9630.000 1.039
9635.000 0.796
9640.000 0.902
9645.000 0.775
9650.000 1.239
9655.000 0.557
9660.000 0.639
9665.000 1.172
9670.000 1.015
9675.000 0.678
9680.000 1.298
9685.000 1.092
9690.000 0.772
9695.000 0.916
9700.000 0.884
9705.000 0.845
9710.000 0.812
9715.000 0.747
9720.000 0.600
9725.000 0.743
9730.000 1.120
9735.000 0.852
9740.000 0.372
9745.000 0.893
9750.000 0.693
9755.000 0.609
9760.000 0.796
9765.000 0.856
9770.000 0.616
9775.000 0.705
9780.000 0.788
9785.000 0.680
9790.000 0.506
9795.000 0.794
9800.000 0.489
9805.000 0.863
9810.000 0.433
9815.000 0.744
9820.000 0.459
9825.000 0.478
9830.000 0.410
9835.000 0.569
9840.000 0.525
9845.000 0.567
9850.000 0.676
9855.000 0.630
9860.000 0.689
9865.000 1.176
9870.000 1.022
9875.000 0.623
9880.000 0.754
9885.000 0.564
9890.000 0.394
9895.000 0.995
9900.000 0.748
9905.000 0.736
9910.000 0.802
9915.000 0.431
9920.000 0.817
9925.000 0.739
9930.000 0.544
9935.000 2.345
9940.000 0.854
9945.000 0.657
9950.000 0.902
9955.000 0.432
9960.000 0.714
9965.000 7.476
9970.000 1.005
9975.000 0.535
9980.000 0.695
9985.000 0.420
9990.000 0.335
9995.000 0.452
10000.000 0.878
