105.000 3.878
110.000 5.760
115.000 6.468
120.000 6.495
125.000 7.911
130.000 5.808
135.000 5.736
140.000 6.062
145.000 7.263
150.000 7.273
155.000 5.018
160.000 3.338
165.000 7.258
170.000 11.238
175.000 8.534
180.000 4.825
185.000 4.693
190.000 5.023
195.000 2.928
200.000 5.590
205.000 6.531
210.000 8.058
215.000 7.141
220.000 3.695
225.000 6.535
230.000 7.137
235.000 7.127
240.000 4.562
245.000 5.407
250.000 4.568
255.000 3.566
260.000 4.467
265.000 3.189
270.000 4.112
275.000 4.911
280.000 3.379
285.000 4.073
290.000 3.630
295.000 3.349
300.000 2.881
305.000 4.002
310.000 2.824
315.000 3.957
320.000 3.960
325.000 3.563
330.000 4.010
335.000 3.572
340.000 3.087
345.000 3.225
350.000 1.677
355.000 4.556
360.000 2.223
365.000 3.199
370.000 1.788
375.000 1.752
380.000 2.051
385.000 2.830
390.000 3.000
395.000 2.486
400.000 4.388
405.000 2.056
410.000 2.031
415.000 2.498
420.000 3.265
425.000 2.937
430.000 3.656
435.000 2.908
440.000 2.756
445.000 3.086
450.000 4.352
455.000 2.906
460.000 4.045
465.000 2.462
470.000 3.170
475.000 2.654
480.000 3.222
485.000 3.477
490.000 3.746
495.000 2.725
500.000 1.741
505.000 1.923
510.000 2.619
515.000 3.372
520.000 3.089
525.000 2.995
530.000 1.940
535.000 2.327
540.000 1.933
545.000 1.592
550.000 2.668
555.000 2.555
560.000 3.126
565.000 2.997
570.000 1.993
575.000 2.448
580.000 2.961
585.000 2.295
590.000 3.810
595.000 2.772
600.000 2.492
605.000 1.679
610.000 3.088
615.000 1.521
620.000 1.707
625.000 2.009
630.000 2.744
635.000 1.526
640.000 2.767
645.000 2.787
650.000 2.438
655.000 3.484
660.000 2.118
665.000 1.102
670.000 1.509
675.000 1.961
680.000 2.239
685.000 3.433
690.000 1.724
695.000 2.717
700.000 1.727
705.000 2.668
710.000 2.021
715.000 2.324
720.000 1.428
725.000 1.543
730.000 1.737
735.000 1.788
740.000 1.224
745.000 2.533
750.000 2.459
755.000 1.752
760.000 1.327
765.000 1.507
770.000 2.237
775.000 3.293
780.000 2.412
785.000 1.741
790.000 1.567
795.000 1.660
800.000 1.800
805.000 1.583
810.000 1.970
815.000 2.755
820.000 1.825
825.000 1.923
830.000 0.824
835.000 1.944
840.000 1.751
845.000 1.316
850.000 2.189
855.000 2.319
860.000 1.926
865.000 2.854
870.000 1.686
875.000 1.324
880.000 1.794
885.000 1.138
890.000 1.255
895.000 2.072
900.000 2.700
905.000 0.923
910.000 2.885
915.000 2.778
920.000 1.972
925.000 1.941
930.000 2.069
935.000 1.951
940.000 2.403
945.000 2.361
950.000 2.229
955.000 1.553
960.000 0.995
965.000 2.161
970.000 2.733
975.000 2.115
980.000 1.559
985.000 1.586
990.000 1.237
995.000 1.278
1000.000 1.996
1005.000 1.935
1010.000 1.462
1015.000 1.472
1020.000 1.389
1025.000 1.713
1030.000 1.449
1035.000 2.294
1040.000 1.859
1045.000 1.287
1050.000 1.163
1055.000 2.059
1060.000 1.985
1065.000 2.066
1070.000 1.876
1075.000 1.789
1080.000 0.966
1085.000 1.310
1090.000 2.672
1095.000 2.355
1100.000 1.488
1105.000 1.476
1110.000 0.860
1115.000 0.928
1120.000 1.550
1125.000 1.888
1130.000 1.741
1135.000 1.614
1140.000 1.676
1145.000 1.724
1150.000 1.446
1155.000 1.845
1160.000 2.087
1165.000 2.285
1170.000 1.707
1175.000 1.417
1180.000 1.188
1185.000 1.514
1190.000 2.135
1195.000 1.918
1200.000 1.010
1205.000 1.556
1210.000 1.285
1215.000 1.732
1220.000 1.690
1225.000 2.361
1230.000 1.416
1235.000 1.670
1240.000 0.838
1245.000 1.187
1250.000 2.071
1255.000 2.599
1260.000 1.645
1265.000 1.173
1270.000 1.565
1275.000 1.001
1280.000 0.820
1285.000 1.724
1290.000 1.428
1295.000 1.557
1300.000 1.949
1305.000 1.652
1310.000 1.163
1315.000 1.722
1320.000 2.018
1325.000 1.698
1330.000 1.414
1335.000 1.422
1340.000 1.089
1345.000 1.377
1350.000 1.819
1355.000 1.694
1360.000 0.748
1365.000 1.116
1370.000 1.366
1375.000 0.792
1380.000 2.288
1385.000 1.641
1390.000 1.654
1395.000 1.208
1400.000 0.811
1405.000 1.256
1410.000 1.722
1415.000 1.305
1420.000 2.037
1425.000 1.187
1430.000 1.156
1435.000 1.340
1440.000 1.062
1445.000 1.777
1450.000 1.377
1455.000 1.309
1460.000 1.120
1465.000 0.892
1470.000 1.328
1475.000 1.066
1480.000 1.643
1485.000 1.591
1490.000 0.753
1495.000 1.118
1500.000 1.167
1505.000 1.402
1510.000 1.720
1515.000 0.810
1520.000 0.864
1525.000 1.184
1530.000 1.041
1535.000 1.737
1540.000 1.627
1545.000 1.820
1550.000 1.331
1555.000 1.135
1560.000 1.089
1565.000 1.448
1570.000 1.395
1575.000 1.558
1580.000 1.247
1585.000 0.987
1590.000 0.837
1595.000 0.855
1600.000 1.606
1605.000 2.025
1610.000 1.709
1615.000 0.966
1620.000 1.248
1625.000 0.868
1630.000 1.069
1635.000 1.930
1640.000 1.725
1645.000 1.482
1650.000 1.576
1655.000 1.333
1660.000 1.532
1665.000 1.076
1670.000 8.846
1675.000 29.637
1680.000 2.386
1685.000 0.000
1690.000 0.000
1695.000 0.000
1700.000 0.000
1705.000 0.000
1710.000 0.000
1715.000 7.656
1720.000 8.398
1725.000 8.985
1730.000 10.131
1735.000 10.798
1740.000 11.435
1745.000 12.373
1750.000 11.627
1755.000 11.214
1760.000 9.479
1765.000 7.140
1770.000 0.000
1775.000 0.000
1780.000 0.000
1785.000 0.000
1790.000 0.000
1795.000 0.006
1800.000 7.413
1805.000 1.204
1810.000 0.369
1815.000 0.300
1820.000 0.266
1825.000 0.554
1830.000 0.630
1835.000 0.602
1840.000 0.491
1845.000 0.624
1850.000 0.487
1855.000 0.804
1860.000 0.848
1865.000 1.519
1870.000 0.986
1875.000 0.953
1880.000 0.554
1885.000 0.991
1890.000 1.132
1895.000 0.994
1900.000 0.650
1905.000 0.623
1910.000 0.915
1915.000 1.323
1920.000 0.615
1925.000 1.019
1930.000 0.669
1935.000 0.924
1940.000 0.748
1945.000 0.764
1950.000 0.876
1955.000 0.993
1960.000 1.356
1965.000 0.982
1970.000 0.687
1975.000 0.679
1980.000 1.045
1985.000 1.499
1990.000 0.966
1995.000 0.870
2000.000 1.008
2005.000 1.106
2010.000 0.713
2015.000 1.232
2020.000 0.940
2025.000 1.103
2030.000 1.279
2035.000 0.885
2040.000 0.721
2045.000 0.963
2050.000 1.264
2055.000 1.703
2060.000 1.002
2065.000 1.477
2070.000 0.829
2075.000 0.894
2080.000 1.248
2085.000 1.199
2090.000 1.402
2095.000 0.702
2100.000 0.960
2105.000 0.632
2110.000 1.034
2115.000 1.436
2120.000 1.509
2125.000 1.012
2130.000 1.090
2135.000 1.643
2140.000 1.015
2145.000 1.269
2150.000 1.966
2155.000 1.480
2160.000 1.726
2165.000 0.936
2170.000 1.470
2175.000 0.944
2180.000 1.000
2185.000 1.715
2190.000 1.125
2195.000 1.341
2200.000 0.739
2205.000 1.103
2210.000 1.580
2215.000 1.610
2220.000 1.263
2225.000 1.262
2230.000 0.889
2235.000 1.207
2240.000 1.699
2245.000 1.298
2250.000 1.653
2255.000 1.048
2260.000 0.886
2265.000 0.890
2270.000 1.496
2275.000 1.274
2280.000 2.121
2285.000 1.051
2290.000 1.030
2295.000 1.233
2300.000 1.311
2305.000 1.506
2310.000 1.823
2315.000 0.913
2320.000 1.461
2325.000 0.837
2330.000 0.832
2335.000 0.852
2340.000 1.162
2345.000 0.943
2350.000 1.330
2355.000 1.059
2360.000 0.812
2365.000 1.790
2370.000 1.331
2375.000 1.493
2380.000 1.415
2385.000 0.939
2390.000 1.073
2395.000 0.745
2400.000 0.943
2405.000 0.598
2410.000 0.999
2415.000 0.926
2420.000 0.916
2425.000 0.819
2430.000 0.640
2435.000 0.831
2440.000 1.323
2445.000 1.021
2450.000 1.014
2455.000 0.752
2460.000 0.697
2465.000 0.746
2470.000 1.358
2475.000 1.217
2480.000 1.093
2485.000 0.738
2490.000 0.789
2495.000 0.616
2500.000 1.521
2505.000 1.155
2510.000 0.636
2515.000 1.091
2520.000 0.764
2525.000 1.034
2530.000 1.015
2535.000 1.401
2540.000 0.869
2545.000 1.158
2550.000 0.916
2555.000 0.432
2560.000 0.991
2565.000 0.856
2570.000 0.674
2575.000 1.043
2580.000 0.847
2585.000 0.823
2590.000 0.760
2595.000 1.223
2600.000 1.068
2605.000 1.113
2610.000 0.842
2615.000 0.774
2620.000 0.749
2625.000 0.888
2630.000 0.878
2635.000 1.066
2640.000 1.336
2645.000 0.603
2650.000 0.794
2655.000 0.878
2660.000 1.005
2665.000 1.168
2670.000 0.625
2675.000 0.542
2680.000 0.735
2685.000 0.696
2690.000 0.619
2695.000 1.094
2700.000 1.154
2705.000 0.679
2710.000 0.797
2715.000 1.065
2720.000 0.560
2725.000 1.152
2730.000 0.831
2735.000 1.083
2740.000 0.809
2745.000 0.517
2750.000 0.908
2755.000 0.899
2760.000 1.024
2765.000 0.833
2770.000 1.145
2775.000 0.783
2780.000 0.529
2785.000 0.932
2790.000 0.667
2795.000 1.024
2800.000 0.791
2805.000 0.984
2810.000 0.640
2815.000 0.937
2820.000 1.084
2825.000 1.326
2830.000 1.150
2835.000 0.618
2840.000 0.621
2845.000 1.026
2850.000 0.981
2855.000 1.265
2860.000 1.335
2865.000 1.087
2870.000 0.792
2875.000 0.530
2880.000 0.604
2885.000 0.887
2890.000 0.946
2895.000 1.216
2900.000 0.661
2905.000 0.843
2910.000 0.700
2915.000 1.151
2920.000 1.160
2925.000 0.667
2930.000 0.772
2935.000 0.725
2940.000 0.901
2945.000 0.807
2950.000 1.305
2955.000 1.116
2960.000 0.972
2965.000 0.576
2970.000 0.865
2975.000 0.930
2980.000 1.108
2985.000 1.318
2990.000 1.237
2995.000 0.701
3000.000 0.586
3005.000 0.855
3010.000 1.104
3015.000 1.089
3020.000 1.264
3025.000 0.719
3030.000 0.572
3035.000 0.717
3040.000 0.840
3045.000 0.701
3050.000 0.692
3055.000 0.854
3060.000 0.422
3065.000 0.725
3070.000 0.863
3075.000 0.814
3080.000 0.616
3085.000 0.787
3090.000 0.873
3095.000 0.706
3100.000 0.594
3105.000 1.221
3110.000 1.725
3115.000 0.965
3120.000 0.630
3125.000 1.035
3130.000 0.780
3135.000 0.826
3140.000 1.687
3145.000 1.097
3150.000 0.963
3155.000 0.516
3160.000 0.716
3165.000 0.464
3170.000 0.623
3175.000 0.969
3180.000 1.141
3185.000 0.926
3190.000 0.793
3195.000 0.724
3200.000 0.654
3205.000 1.080
3210.000 1.294
3215.000 0.603
3220.000 0.858
3225.000 0.536
3230.000 0.796
3235.000 1.255
3240.000 0.791
3245.000 0.734
3250.000 0.701
3255.000 0.875
3260.000 1.125
3265.000 0.687
3270.000 0.897
3275.000 0.420
3280.000 0.873
3285.000 0.788
3290.000 0.569
3295.000 0.732
3300.000 0.508
3305.000 1.783
3310.000 0.645
3315.000 0.605
3320.000 0.842
3325.000 0.631
3330.000 1.133
3335.000 1.459
3340.000 0.714
3345.000 1.335
3350.000 0.939
3355.000 0.519
3360.000 0.980
3365.000 0.749
3370.000 0.308
3375.000 1.048
3380.000 0.548
3385.000 0.672
3390.000 0.589
3395.000 0.835
3400.000 0.973
3405.000 0.847
3410.000 0.877
3415.000 0.741
3420.000 1.014
3425.000 1.359
3430.000 1.229
3435.000 0.729
3440.000 1.055
3445.000 0.522
3450.000 0.653
3455.000 27.911
3460.000 35.858
3465.000 11.387
3470.000 0.000
3475.000 0.000
3480.000 0.000
3485.000 0.000
3490.000 1.642
3495.000 2.364
3500.000 2.336
3505.000 1.835
3510.000 0.000
3515.000 0.003
3520.000 0.000
3525.000 0.049
3530.000 0.384
3535.000 0.167
3540.000 0.182
3545.000 0.278
3550.000 0.208
3555.000 0.250
3560.000 0.396
3565.000 0.676
3570.000 0.378
3575.000 0.469
3580.000 0.332
3585.000 0.662
3590.000 0.579
3595.000 0.934
3600.000 0.648
3605.000 0.379
3610.000 0.597
3615.000 0.922
3620.000 0.742
3625.000 0.972
3630.000 0.765
3635.000 0.684
3640.000 0.337
3645.000 0.711
3650.000 0.444
3655.000 0.792
3660.000 0.647
3665.000 0.797
3670.000 0.620
3675.000 0.602
3680.000 0.658
3685.000 0.488
3690.000 0.707
3695.000 0.696
3700.000 0.545
3705.000 0.760
3710.000 0.575
3715.000 0.830
3720.000 0.685
3725.000 0.782
3730.000 0.583
3735.000 0.651
3740.000 0.822
3745.000 0.595
3750.000 0.561
3755.000 0.653
3760.000 0.924
3765.000 0.776
3770.000 0.499
3775.000 0.632
3780.000 0.678
3785.000 0.521
3790.000 0.655
3795.000 0.773
3800.000 0.683
3805.000 0.442
3810.000 0.773
3815.000 0.656
3820.000 0.821
3825.000 0.423
3830.000 0.580
3835.000 0.508
3840.000 0.463
3845.000 0.632
3850.000 0.514
3855.000 0.512
3860.000 0.543
3865.000 0.478
3870.000 0.919
3875.000 0.589
3880.000 0.818
3885.000 0.837
3890.000 1.040
3895.000 0.510
3900.000 0.837
3905.000 0.877
3910.000 0.960
3915.000 0.745
3920.000 0.897
3925.000 0.547
3930.000 0.550
3935.000 0.776
3940.000 0.679
3945.000 0.961
3950.000 0.509
3955.000 0.503
3960.000 0.668
3965.000 0.951
3970.000 0.917
3975.000 0.736
3980.000 0.876
3985.000 0.679
3990.000 0.600
3995.000 0.586
4000.000 0.533
4005.000 1.235
4010.000 0.966
4015.000 0.574
4020.000 0.486
4025.000 0.558
4030.000 0.658
4035.000 0.861
4040.000 0.596
4045.000 0.802
4050.000 0.703
4055.000 0.832
4060.000 0.615
4065.000 0.474
4070.000 0.759
4075.000 1.101
4080.000 0.901
4085.000 0.387
4090.000 0.508
4095.000 0.737
4100.000 0.885
4105.000 0.892
4110.000 0.421
4115.000 0.436
4120.000 0.657
4125.000 0.507
4130.000 0.712
4135.000 0.617
4140.000 0.713
4145.000 0.696
4150.000 0.455
4155.000 0.622
4160.000 0.738
4165.000 0.751
4170.000 0.732
4175.000 0.650
4180.000 0.680
4185.000 0.805
4190.000 0.737
4195.000 0.781
4200.000 0.574
4205.000 0.686
4210.000 0.831
4215.000 0.661
4220.000 0.759
4225.000 0.736
4230.000 0.963
4235.000 0.548
4240.000 0.397
4245.000 0.806
4250.000 0.693
4255.000 0.594
4260.000 0.927
4265.000 0.538
4270.000 0.597
4275.000 0.681
4280.000 0.556
4285.000 0.607
4290.000 0.621
4295.000 0.329
4300.000 0.417
4305.000 0.711
4310.000 0.602
4315.000 0.615
4320.000 0.414
4325.000 0.506
4330.000 0.429
4335.000 0.562
4340.000 0.555
4345.000 0.912
4350.000 0.592
4355.000 0.480
4360.000 0.765
4365.000 0.357
4370.000 0.296
4375.000 0.336
4380.000 0.525
4385.000 0.674
4390.000 0.536
4395.000 0.386
4400.000 0.320
4405.000 0.310
4410.000 0.460
4415.000 0.410
4420.000 0.361
4425.000 0.570
4430.000 0.641
4435.000 0.468
4440.000 0.368
4445.000 0.865
4450.000 0.653
4455.000 0.621
4460.000 0.560
4465.000 0.449
4470.000 0.465
4475.000 0.597
4480.000 0.309
4485.000 0.592
4490.000 0.572
4495.000 1.004
4500.000 0.708
4505.000 0.580
4510.000 0.487
4515.000 0.553
4520.000 0.558
4525.000 0.676
4530.000 0.436
4535.000 0.380
4540.000 0.496
4545.000 0.716
4550.000 0.872
4555.000 0.659
4560.000 0.598
4565.000 0.532
4570.000 0.596
4575.000 0.407
4580.000 0.565
4585.000 0.596
4590.000 0.927
4595.000 0.821
4600.000 0.624
4605.000 0.606
4610.000 0.884
4615.000 0.615
4620.000 0.518
4625.000 0.528
4630.000 0.446
4635.000 0.512
4640.000 0.502
4645.000 0.621
4650.000 0.559
4655.000 0.264
4660.000 0.639
4665.000 0.606
4670.000 0.532
4675.000 0.855
4680.000 0.645
4685.000 0.635
4690.000 0.628
4695.000 0.560
4700.000 0.699
4705.000 0.634
4710.000 0.633
4715.000 0.386
4720.000 0.689
4725.000 0.658
4730.000 0.879
4735.000 0.531
4740.000 0.588
4745.000 0.322
4750.000 0.412
4755.000 0.467
4760.000 0.555
4765.000 0.798
4770.000 0.849
4775.000 0.422
4780.000 0.784
4785.000 0.573
4790.000 0.628
4795.000 0.395
4800.000 0.433
4805.000 0.548
4810.000 0.467
4815.000 0.829
4820.000 0.531
4825.000 0.462
4830.000 0.587
4835.000 0.392
4840.000 0.713
4845.000 0.709
4850.000 0.612
4855.000 0.575
4860.000 0.469
4865.000 1.028
4870.000 0.897
4875.000 0.649
4880.000 0.457
4885.000 0.925
4890.000 0.749
4895.000 0.863
4900.000 0.628
4905.000 0.959
4910.000 0.634
4915.000 0.532
4920.000 0.431
4925.000 0.462
4930.000 0.625
4935.000 0.800
4940.000 0.702
4945.000 0.389
4950.000 0.482
4955.000 0.788
4960.000 0.538
4965.000 0.702
4970.000 0.643
4975.000 0.577
4980.000 0.536
4985.000 0.874
4990.000 0.792
4995.000 0.594
5000.000 0.781
5005.000 0.817
5010.000 0.357
5015.000 0.577
5020.000 0.576
5025.000 0.519
5030.000 0.523
5035.000 0.689
5040.000 1.032
5045.000 0.778
5050.000 0.661
5055.000 0.876
5060.000 0.972
5065.000 0.625
5070.000 0.697
5075.000 0.960
5080.000 0.823
5085.000 0.789
5090.000 0.601
5095.000 0.984
5100.000 0.768
5105.000 0.647
5110.000 0.463
5115.000 0.756
5120.000 0.889
5125.000 3.490
5130.000 13.218
5135.000 34.456
5140.000 39.636
5145.000 2.667
5150.000 0.439
5155.000 0.428
5160.000 0.583
5165.000 1.403
5170.000 2.023
5175.000 2.377
5180.000 3.251
5185.000 3.313
5190.000 3.977
5195.000 4.225
5200.000 4.255
5205.000 4.330
5210.000 4.670
5215.000 4.941
5220.000 5.039
5225.000 4.951
5230.000 4.870
5235.000 4.159
5240.000 5.356
5245.000 5.761
5250.000 3.183
5255.000 2.365
5260.000 1.550
5265.000 0.000
5270.000 0.000
5275.000 0.000
5280.000 0.000
5285.000 0.000
5290.000 3.283
5295.000 0.342
5300.000 0.117
5305.000 0.268
5310.000 0.229
5315.000 0.284
5320.000 0.261
5325.000 0.236
5330.000 0.506
5335.000 0.366
5340.000 0.265
5345.000 0.362
5350.000 0.431
5355.000 0.369
5360.000 0.777
5365.000 0.610
5370.000 0.550
5375.000 0.571
5380.000 0.369
5385.000 0.579
5390.000 1.000
5395.000 0.970
5400.000 0.511
5405.000 0.542
5410.000 0.723
5415.000 0.457
5420.000 0.535
5425.000 0.939
5430.000 0.324
5435.000 0.898
5440.000 0.671
5445.000 0.441
5450.000 0.456
5455.000 0.561
5460.000 0.636
5465.000 1.029
5470.000 0.641
5475.000 0.444
5480.000 0.912
5485.000 0.664
5490.000 0.519
5495.000 0.696
5500.000 0.561
5505.000 0.604
5510.000 0.431
5515.000 0.872
5520.000 0.916
5525.000 1.001
5530.000 0.586
5535.000 0.647
5540.000 0.751
5545.000 0.998
5550.000 1.050
5555.000 0.912
5560.000 0.939
5565.000 0.937
5570.000 0.604
5575.000 1.001
5580.000 1.001
5585.000 0.718
5590.000 0.664
5595.000 0.913
5600.000 1.142
5605.000 0.421
5610.000 0.659
5615.000 1.119
5620.000 0.927
5625.000 1.028
5630.000 0.637
5635.000 0.977
5640.000 0.951
5645.000 1.037
5650.000 0.860
5655.000 0.537
5660.000 0.922
5665.000 0.725
5670.000 0.717
5675.000 0.754
5680.000 0.661
5685.000 0.673
5690.000 0.484
5695.000 0.539
5700.000 1.235
5705.000 0.918
5710.000 0.435
5715.000 0.828
5720.000 0.749
5725.000 0.567
5730.000 0.784
5735.000 0.912
5740.000 0.594
5745.000 0.793
5750.000 0.660
5755.000 0.543
5760.000 0.779
5765.000 0.535
5770.000 0.566
5775.000 0.635
5780.000 0.392
5785.000 0.921
5790.000 0.655
5795.000 0.521
5800.000 0.731
5805.000 0.673
5810.000 0.474
5815.000 0.467
5820.000 0.627
5825.000 0.831
5830.000 0.571
5835.000 0.817
5840.000 0.606
5845.000 0.830
5850.000 0.826
5855.000 0.623
5860.000 0.611
5865.000 0.669
5870.000 0.510
5875.000 1.081
5880.000 0.745
5885.000 0.792
5890.000 0.535
5895.000 0.534
5900.000 0.649
5905.000 0.478
5910.000 0.614
5915.000 0.541
5920.000 0.686
5925.000 0.543
5930.000 0.627
5935.000 0.529
5940.000 0.884
5945.000 0.805
5950.000 0.600
5955.000 0.918
5960.000 1.294
5965.000 0.852
5970.000 1.204
5975.000 0.515
5980.000 0.715
5985.000 0.607
5990.000 0.530
5995.000 0.662
6000.000 0.484
6005.000 0.817
6010.000 0.480
6015.000 0.543
6020.000 0.410
6025.000 0.521
6030.000 0.577
6035.000 0.657
6040.000 0.580
6045.000 0.655
6050.000 0.531
6055.000 0.642
6060.000 0.288
6065.000 0.542
6070.000 1.148
6075.000 0.695
6080.000 0.579
6085.000 0.673
6090.000 0.526
6095.000 0.635
6100.000 0.753
6105.000 0.880
6110.000 0.530
6115.000 0.760
6120.000 0.500
6125.000 0.846
6130.000 0.945
6135.000 0.685
6140.000 0.820
6145.000 0.705
6150.000 0.950
6155.000 0.702
6160.000 0.783
6165.000 0.411
6170.000 0.601
6175.000 0.592
6180.000 0.696
6185.000 0.993
6190.000 0.512
6195.000 0.467
6200.000 0.635
6205.000 0.442
6210.000 0.629
6215.000 0.551
6220.000 0.559
6225.000 0.473
6230.000 0.383
6235.000 0.626
6240.000 0.957
6245.000 0.887
6250.000 0.822
6255.000 0.460
6260.000 0.526
6265.000 0.926
6270.000 0.832
6275.000 0.542
6280.000 1.054
6285.000 0.935
6290.000 0.514
6295.000 0.512
6300.000 0.405
6305.000 0.643
6310.000 1.087
6315.000 0.649
6320.000 0.453
6325.000 0.623
6330.000 0.645
6335.000 1.092
6340.000 0.921
6345.000 1.612
6350.000 0.866
6355.000 0.596
6360.000 0.350
6365.000 0.469
6370.000 0.573
6375.000 0.534
6380.000 0.798
6385.000 0.779
6390.000 0.495
6395.000 0.689
6400.000 0.699
6405.000 0.684
6410.000 0.616
6415.000 0.449
6420.000 0.511
6425.000 0.578
6430.000 0.548
6435.000 0.591
6440.000 0.439
6445.000 0.561
6450.000 0.490
6455.000 0.792
6460.000 0.585
6465.000 0.455
6470.000 0.431
6475.000 0.417
6480.000 0.575
6485.000 1.062
6490.000 0.613
6495.000 0.552
6500.000 0.799
6505.000 0.594
6510.000 0.498
6515.000 0.736
6520.000 0.616
6525.000 0.894
6530.000 0.576
6535.000 0.778
6540.000 0.360
6545.000 0.623
6550.000 0.551
6555.000 0.559
6560.000 0.754
6565.000 0.736
6570.000 0.579
6575.000 0.399
6580.000 0.860
6585.000 0.293
6590.000 0.515
6595.000 0.606
6600.000 0.872
6605.000 0.553
6610.000 0.504
6615.000 0.664
6620.000 0.714
6625.000 0.847
6630.000 0.472
6635.000 1.410
6640.000 0.674
6645.000 0.541
6650.000 0.575
6655.000 0.722
6660.000 0.996
6665.000 0.778
6670.000 1.082
6675.000 1.061
6680.000 0.700
6685.000 0.884
6690.000 1.005
6695.000 0.878
6700.000 0.740
6705.000 0.487
6710.000 0.713
6715.000 0.491
6720.000 0.499
6725.000 0.835
6730.000 0.965
6735.000 0.716
6740.000 0.600
6745.000 0.590
6750.000 0.562
6755.000 0.904
6760.000 0.546
6765.000 0.589
6770.000 0.630
6775.000 0.454
6780.000 0.692
6785.000 0.734
6790.000 1.275
6795.000 0.919
6800.000 0.552
6805.000 0.387
6810.000 0.374
6815.000 0.693
6820.000 0.729
6825.000 1.121
6830.000 0.793
6835.000 0.549
6840.000 0.634
6845.000 1.031
6850.000 0.557
6855.000 0.530
6860.000 1.230
6865.000 1.053
6870.000 0.845
6875.000 0.598
6880.000 0.471
6885.000 1.016
6890.000 1.001
6895.000 1.325
6900.000 13.876
6905.000 45.046
6910.000 0.870
6915.000 0.219
6920.000 0.000
6925.000 0.581
6930.000 0.957
6935.000 1.197
6940.000 1.328
6945.000 1.331
6950.000 1.965
6955.000 0.295
6960.000 0.000
6965.000 0.000
6970.000 6.895
6975.000 0.271
6980.000 0.141
6985.000 0.146
6990.000 0.177
6995.000 0.300
7000.000 0.305
7005.000 0.250
7010.000 0.435
7015.000 0.349
7020.000 0.550
7025.000 0.565
7030.000 0.278
7035.000 0.430
7040.000 0.506
7045.000 0.654
7050.000 0.611
7055.000 0.666
7060.000 0.509
7065.000 0.440
7070.000 0.562
7075.000 0.472
7080.000 0.574
7085.000 0.477
7090.000 0.471
7095.000 0.557
7100.000 0.517
7105.000 0.585
7110.000 0.726
7115.000 0.548
7120.000 0.596
7125.000 0.354
7130.000 0.458
7135.000 0.637
7140.000 0.439
7145.000 0.386
7150.000 0.546
7155.000 0.742
7160.000 0.532
7165.000 0.876
7170.000 0.511
7175.000 0.818
7180.000 0.425
7185.000 0.611
7190.000 0.638
7195.000 0.720
7200.000 0.674
7205.000 0.427
7210.000 0.538
7215.000 0.419
7220.000 0.720
7225.000 0.282
7230.000 0.668
7235.000 0.297
7240.000 0.697
7245.000 0.277
7250.000 0.719
7255.000 0.422
7260.000 0.650
7265.000 0.722
7270.000 0.691
7275.000 0.894
7280.000 0.719
7285.000 0.533
7290.000 0.655
7295.000 0.440
7300.000 0.681
7305.000 1.272
7310.000 0.810
7315.000 0.721
7320.000 0.669
7325.000 0.700
7330.000 1.105
7335.000 1.550
7340.000 0.855
7345.000 0.763
7350.000 1.091
7355.000 0.418
7360.000 0.648
7365.000 1.131
7370.000 0.373
7375.000 0.531
7380.000 0.698
7385.000 0.487
7390.000 0.903
7395.000 1.185
7400.000 0.892
7405.000 0.787
7410.000 0.754
7415.000 0.466
7420.000 0.660
7425.000 0.930
7430.000 1.123
7435.000 1.308
7440.000 0.853
7445.000 0.722
7450.000 0.777
7455.000 0.673
7460.000 0.732
7465.000 1.030
7470.000 0.688
7475.000 0.666
7480.000 0.491
7485.000 0.591
7490.000 0.973
7495.000 0.559
7500.000 0.848
7505.000 0.759
7510.000 0.980
7515.000 0.576
7520.000 0.937
7525.000 0.733
7530.000 1.377
7535.000 0.989
7540.000 0.761
7545.000 0.724
7550.000 0.557
7555.000 0.962
7560.000 0.718
7565.000 1.172
7570.000 0.432
7575.000 0.528
7580.000 0.639
7585.000 0.583
7590.000 0.892
7595.000 0.858
7600.000 0.952
7605.000 0.790
7610.000 0.622
7615.000 0.850
7620.000 0.583
7625.000 0.436
7630.000 0.752
7635.000 0.612
7640.000 0.846
7645.000 0.756
7650.000 0.770
7655.000 0.309
7660.000 0.646
7665.000 0.666
7670.000 0.463
7675.000 0.743
7680.000 0.638
7685.000 0.568
7690.000 0.600
7695.000 0.700
7700.000 0.620
7705.000 0.772
7710.000 0.441
7715.000 0.898
7720.000 0.618
7725.000 0.574
7730.000 0.855
7735.000 0.767
7740.000 0.552
7745.000 0.903
7750.000 0.489
7755.000 0.849
7760.000 0.651
7765.000 1.071
7770.000 0.595
7775.000 0.717
7780.000 0.787
7785.000 1.015
7790.000 0.981
7795.000 0.628
7800.000 0.608
7805.000 0.990
7810.000 0.791
7815.000 0.613
7820.000 0.923
7825.000 1.590
7830.000 0.947
7835.000 1.051
7840.000 0.782
7845.000 1.043
7850.000 0.621
7855.000 0.875
7860.000 1.291
7865.000 0.796
7870.000 0.610
7875.000 1.672
7880.000 1.195
7885.000 0.828
7890.000 1.024
7895.000 1.008
7900.000 0.488
7905.000 1.159
7910.000 1.220
7915.000 1.175
7920.000 0.738
7925.000 1.297
7930.000 0.576
7935.000 0.616
7940.000 0.781
7945.000 1.322
7950.000 0.889
7955.000 0.687
7960.000 0.976
7965.000 0.838
7970.000 0.770
7975.000 0.893
7980.000 0.716
7985.000 0.894
7990.000 0.704
7995.000 0.954
8000.000 0.931
8005.000 1.009
8010.000 0.542
8015.000 0.951
8020.000 1.197
8025.000 1.021
8030.000 0.906
8035.000 0.961
8040.000 0.927
8045.000 1.149
8050.000 0.957
8055.000 1.466
8060.000 0.569
8065.000 0.915
8070.000 1.507
8075.000 0.764
8080.000 1.039
8085.000 0.525
8090.000 1.046
8095.000 0.885
8100.000 1.053
8105.000 1.051
8110.000 0.813
8115.000 1.119
8120.000 0.558
8125.000 1.143
8130.000 0.700
8135.000 0.852
8140.000 0.862
8145.000 1.061
8150.000 0.379
8155.000 0.766
8160.000 0.837
8165.000 1.212
8170.000 0.729
8175.000 1.188
8180.000 0.662
8185.000 0.488
8190.000 0.937
8195.000 0.820
8200.000 0.794
8205.000 0.741
8210.000 0.956
8215.000 0.978
8220.000 0.483
8225.000 0.559
8230.000 0.595
8235.000 0.582
8240.000 0.896
8245.000 0.668
8250.000 1.015
8255.000 0.870
8260.000 0.521
8265.000 1.045
8270.000 0.635
8275.000 0.690
8280.000 0.789
8285.000 0.942
8290.000 1.218
8295.000 0.473
8300.000 0.730
8305.000 0.757
8310.000 1.058
8315.000 0.626
8320.000 1.167
8325.000 0.841
8330.000 0.732
8335.000 0.888
8340.000 0.880
8345.000 0.599
8350.000 0.470
8355.000 1.096
8360.000 0.645
8365.000 0.663
8370.000 0.461
8375.000 0.691
8380.000 0.834
8385.000 0.636
8390.000 0.695
8395.000 0.818
8400.000 1.018
8405.000 0.562
8410.000 0.563
8415.000 0.651
8420.000 0.584
8425.000 0.486
8430.000 0.722
8435.000 0.892
8440.000 0.828
8445.000 0.644
8450.000 0.734
8455.000 0.909
8460.000 0.668
8465.000 0.945
8470.000 0.664
8475.000 0.750
8480.000 0.806
8485.000 0.993
8490.000 1.228
8495.000 0.751
8500.000 0.815
8505.000 0.815
8510.000 0.577
8515.000 0.374
8520.000 0.594
8525.000 1.189
8530.000 0.622
8535.000 0.464
8540.000 0.741
8545.000 0.757
8550.000 0.806
8555.000 0.632
8560.000 0.716
8565.000 0.819
8570.000 0.798
8575.000 1.085
8580.000 1.170
8585.000 0.599
8590.000 1.117
8595.000 0.887
8600.000 0.859
8605.000 0.784
8610.000 0.775
8615.000 0.568
8620.000 0.571
8625.000 8.325
8630.000 41.999
8635.000 64.961
8640.000 9.244
8645.000 0.839
8650.000 1.159
8655.000 1.919
8660.000 3.175
8665.000 1.226
8670.000 1.901
8675.000 2.048
8680.000 0.121
8685.000 0.158
8690.000 0.122
8695.000 0.323
8700.000 0.404
8705.000 0.455
8710.000 0.270
8715.000 0.329
8720.000 0.416
8725.000 0.466
8730.000 0.458
8735.000 0.759
8740.000 0.522
8745.000 0.285
8750.000 0.556
8755.000 0.917
8760.000 0.390
8765.000 0.441
8770.000 0.587
8775.000 0.561
8780.000 0.777
8785.000 0.579
8790.000 0.707
8795.000 0.683
8800.000 0.958
8805.000 0.608
8810.000 0.708
8815.000 1.023
8820.000 0.658
8825.000 0.655
8830.000 0.647
8835.000 0.741
8840.000 0.638
8845.000 0.430
8850.000 0.672
8855.000 0.552
8860.000 0.682
8865.000 0.873
8870.000 0.409
8875.000 0.640
8880.000 0.398
8885.000 0.644
8890.000 0.498
8895.000 0.645
8900.000 1.133
8905.000 0.581
8910.000 0.591
8915.000 0.709
8920.000 0.642
8925.000 0.591
8930.000 0.656
8935.000 0.690
8940.000 0.442
8945.000 0.772
8950.000 0.504
8955.000 0.436
8960.000 0.630
8965.000 0.335
8970.000 0.667
8975.000 0.247
8980.000 0.556
8985.000 0.968
8990.000 0.480
8995.000 0.740
9000.000 0.615
9005.000 0.398
9010.000 0.509
9015.000 0.711
9020.000 0.731
9025.000 0.740
9030.000 0.534
9035.000 0.628
9040.000 0.612
9045.000 0.399
9050.000 0.726
9055.000 0.538
9060.000 0.657
9065.000 0.487
9070.000 0.585
9075.000 0.479
9080.000 0.594
9085.000 0.821
9090.000 1.042
9095.000 1.444
9100.000 0.846
9105.000 0.702
9110.000 0.690
9115.000 0.700
9120.000 0.694
9125.000 0.456
9130.000 0.640
9135.000 0.862
9140.000 0.675
9145.000 0.832
9150.000 0.743
9155.000 0.597
9160.000 0.582
9165.000 0.489
9170.000 0.622
9175.000 0.831
9180.000 0.552
9185.000 0.574
9190.000 0.793
9195.000 0.516
9200.000 0.517
9205.000 0.690
9210.000 0.517
9215.000 0.528
9220.000 0.530
9225.000 0.544
9230.000 0.444
9235.000 0.605
9240.000 0.679
9245.000 0.719
9250.000 0.448
9255.000 0.782
9260.000 0.571
9265.000 0.768
9270.000 0.749
9275.000 0.481
9280.000 0.478
9285.000 0.657
9290.000 0.485
9295.000 0.790
9300.000 0.660
9305.000 0.708
9310.000 0.460
9315.000 0.661
9320.000 0.739
9325.000 0.740
9330.000 0.621
9335.000 0.473
9340.000 0.763
9345.000 0.833
9350.000 0.546
9355.000 0.597
9360.000 0.597
9365.000 0.809
9370.000 0.746
9375.000 0.633
9380.000 1.415
9385.000 2.237
9390.000 2.069
9395.000 1.315
9400.000 1.467
9405.000 1.401
9410.000 1.141
9415.000 0.803
9420.000 0.743
9425.000 1.157
9430.000 0.684
9435.000 0.863
9440.000 0.920
9445.000 0.900
9450.000 1.003
9455.000 1.145
9460.000 1.364
9465.000 1.177
9470.000 1.179
9475.000 1.461
9480.000 1.675
9485.000 1.121
9490.000 1.504
9495.000 2.502
9500.000 1.609
9505.000 5.252
9510.000 2.841
9515.000 1.642
9520.000 1.729
9525.000 0.713
9530.000 1.138
9535.000 1.143
9540.000 1.241
9545.000 2.787
9550.000 1.374
9555.000 1.226
9560.000 1.963
9565.000 1.256
9570.000 1.808
9575.000 1.553
9580.000 0.963
9585.000 1.240
9590.000 1.267
9595.000 1.303
9600.000 1.270
9605.000 0.669
9610.000 1.009
9615.000 0.921
9620.000 1.147
9625.000 1.443
9630.000 1.576
9635.000 0.978
9640.000 1.094
9645.000 0.827
9650.000 1.437
9655.000 2.104
9660.000 1.467
9665.000 1.746
9670.000 1.676
9675.000 0.997
9680.000 1.915
9685.000 1.264
9690.000 1.467
9695.000 1.605
9700.000 1.549
9705.000 1.310
9710.000 0.894
9715.000 0.964
9720.000 1.339
9725.000 1.198
9730.000 2.220
9735.000 1.905
9740.000 1.026
9745.000 1.169
9750.000 1.322
9755.000 0.709
9760.000 0.336
9765.000 1.143
9770.000 0.745
9775.000 0.979
9780.000 0.924
9785.000 0.856
9790.000 0.931
9795.000 0.955
9800.000 0.676
9805.000 0.779
9810.000 0.555
9815.000 0.761
9820.000 0.712
9825.000 0.910
9830.000 0.816
9835.000 0.573
9840.000 0.992
9845.000 0.954
9850.000 1.387
9855.000 1.040
9860.000 0.622
9865.000 1.434
9870.000 0.434
9875.000 0.752
9880.000 1.263
9885.000 0.750
9890.000 0.779
9895.000 0.859
9900.000 1.495
9905.000 0.971
9910.000 0.845
9915.000 0.786
9920.000 0.672
9925.000 0.766
9930.000 1.014
9935.000 0.642
9940.000 0.951
9945.000 0.716
9950.000 0.861
9955.000 0.368
9960.000 0.773
9965.000 0.870
9970.000 0.490
9975.000 0.751
9980.000 0.635
9985.000 0.724
9990.000 0.644
9995.000 0.813
10000.000 0.819
