105.000 3.733
110.000 4.975
115.000 6.929
120.000 3.668
125.000 5.789
130.000 3.514
135.000 3.996
140.000 5.256
145.000 7.450
150.000 4.825
155.000 11.203
160.000 12.831
165.000 7.877
170.000 5.267
175.000 8.815
180.000 10.368
185.000 5.828
190.000 7.016
195.000 8.353
200.000 5.108
205.000 6.117
210.000 12.681
215.000 6.715
220.000 5.265
225.000 7.674
230.000 4.723
235.000 4.659
240.000 2.392
245.000 4.425
250.000 4.895
255.000 5.529
260.000 3.676
265.000 5.332
270.000 8.923
275.000 7.609
280.000 8.083
285.000 7.746
290.000 5.975
295.000 4.418
300.000 4.214
305.000 7.232
310.000 4.345
315.000 8.224
320.000 5.106
325.000 4.430
330.000 3.036
335.000 4.662
340.000 3.327
345.000 3.844
350.000 5.035
355.000 4.305
360.000 2.922
365.000 2.141
370.000 2.076
375.000 3.941
380.000 3.189
385.000 3.537
390.000 2.738
395.000 2.564
400.000 2.176
405.000 4.111
410.000 2.964
415.000 5.120
420.000 4.137
425.000 2.542
430.000 2.842
435.000 2.424
440.000 2.512
445.000 4.344
450.000 3.536
455.000 2.909
460.000 2.980
465.000 5.004
470.000 3.606
475.000 3.620
480.000 2.804
485.000 2.937
490.000 3.016
495.000 2.615
500.000 3.317
505.000 3.378
510.000 3.184
515.000 1.995
520.000 2.469
525.000 2.562
530.000 2.938
535.000 3.199
540.000 3.263
545.000 2.926
550.000 2.206
555.000 1.708
560.000 3.903
565.000 4.557
570.000 3.713
575.000 3.193
580.000 2.211
585.000 1.835
590.000 1.991
595.000 2.073
600.000 2.194
605.000 4.223
610.000 3.382
615.000 2.580
620.000 1.317
625.000 2.097
630.000 3.479
635.000 1.742
640.000 2.234
645.000 2.271
650.000 1.987
655.000 1.727
660.000 2.157
665.000 2.756
670.000 3.049
675.000 2.219
680.000 1.589
685.000 1.446
690.000 1.759
695.000 1.568
700.000 2.775
705.000 2.725
710.000 3.177
715.000 1.705
720.000 1.969
725.000 1.173
730.000 1.813
735.000 1.749
740.000 2.559
745.000 1.910
750.000 1.327
755.000 1.202
760.000 2.561
765.000 2.612
770.000 1.888
775.000 1.281
780.000 1.963
785.000 1.821
790.000 1.720
795.000 2.186
800.000 2.284
805.000 2.503
810.000 2.007
815.000 2.335
820.000 2.142
825.000 2.158
830.000 1.951
835.000 1.618
840.000 1.816
845.000 1.205
850.000 1.792
855.000 2.513
860.000 2.040
865.000 2.218
870.000 1.364
875.000 1.958
880.000 1.940
885.000 2.859
890.000 2.387
895.000 1.848
900.000 2.163
905.000 1.670
910.000 2.143
915.000 1.644
920.000 1.478
925.000 1.346
930.000 1.824
935.000 1.455
940.000 1.374
945.000 1.658
950.000 1.824
955.000 2.798
960.000 2.109
965.000 1.879
970.000 1.550
975.000 2.120
980.000 1.844
985.000 2.608
990.000 2.076
995.000 2.040
1000.000 1.141
1005.000 1.523
1010.000 2.505
1015.000 2.694
1020.000 2.731
1025.000 1.936
1030.000 2.481
1035.000 2.063
1040.000 1.186
1045.000 1.257
1050.000 2.702
1055.000 1.668
1060.000 2.320
1065.000 1.309
1070.000 1.275
1075.000 1.669
1080.000 2.126
1085.000 2.256
1090.000 1.605
1095.000 1.391
1100.000 1.566
1105.000 1.489
1110.000 2.739
1115.000 2.064
1120.000 2.614
1125.000 2.387
1130.000 1.289
1135.000 1.526
1140.000 1.606
1145.000 2.576
1150.000 2.199
1155.000 1.992
1160.000 1.297
1165.000 1.780
1170.000 1.703
1175.000 1.456
1180.000 2.335
1185.000 1.476
1190.000 1.174
1195.000 1.509
1200.000 1.747
1205.000 2.070
1210.000 2.661
1215.000 1.532
1220.000 1.686
1225.000 1.115
1230.000 1.259
1235.000 1.921
1240.000 1.881
1245.000 2.110
1250.000 1.373
1255.000 1.331
1260.000 1.071
1265.000 1.376
1270.000 2.309
1275.000 2.024
1280.000 1.622
1285.000 2.700
1290.000 1.585
1295.000 1.471
1300.000 1.080
1305.000 1.247
1310.000 2.280
1315.000 1.886
1320.000 1.232
1325.000 0.919
1330.000 1.582
1335.000 1.337
1340.000 1.899
1345.000 1.991
1350.000 1.635
1355.000 2.157
1360.000 1.281
1365.000 1.762
1370.000 1.602
1375.000 2.019
1380.000 1.141
1385.000 1.231
1390.000 1.510
1395.000 1.502
1400.000 2.454
1405.000 1.805
1410.000 1.471
1415.000 1.464
1420.000 1.181
1425.000 1.254
1430.000 1.475
1435.000 1.633
1440.000 1.642
1445.000 1.188
1450.000 0.801
1455.000 1.082
1460.000 0.964
1465.000 2.001
1470.000 1.340
1475.000 1.021
1480.000 1.432
1485.000 1.251
1490.000 1.557
1495.000 1.982
1500.000 1.542
1505.000 1.169
1510.000 0.743
1515.000 0.636
1520.000 1.444
1525.000 1.425
1530.000 2.181
1535.000 1.768
1540.000 1.280
1545.000 0.988
1550.000 1.169
1555.000 1.708
1560.000 1.592
1565.000 1.540
1570.000 1.452
1575.000 0.999
1580.000 1.505
1585.000 1.375
1590.000 2.073
1595.000 1.517
1600.000 1.553
1605.000 1.261
1610.000 1.637
1615.000 1.440
1620.000 2.121
1625.000 1.841
1630.000 1.666
1635.000 0.754
1640.000 1.001
1645.000 1.407
1650.000 2.159
1655.000 2.582
1660.000 1.998
1665.000 0.993
1670.000 1.315
1675.000 1.342
1680.000 1.946
1685.000 2.556
1690.000 2.274
1695.000 1.199
1700.000 1.325
1705.000 0.961
1710.000 1.121
1715.000 1.299
1720.000 2.329
1725.000 1.510
1730.000 1.911
1735.000 1.191
1740.000 0.819
1745.000 1.089
1750.000 0.598
1755.000 1.856
1760.000 1.891
1765.000 1.753
1770.000 1.007
1775.000 1.287
1780.000 1.711
1785.000 1.964
1790.000 1.360
1795.000 1.144
1800.000 1.347
1805.000 0.786
1810.000 1.029
1815.000 1.406
1820.000 1.436
1825.000 1.233
1830.000 1.028
1835.000 0.655
1840.000 0.947
1845.000 1.335
1850.000 2.140
1855.000 1.682
1860.000 1.173
1865.000 0.939
1870.000 1.544
1875.000 1.616
1880.000 1.267
1885.000 1.649
1890.000 1.303
1895.000 1.098
1900.000 1.010
1905.000 1.572
1910.000 0.930
1915.000 1.721
1920.000 0.891
1925.000 0.907
1930.000 0.790
1935.000 1.180
1940.000 1.574
1945.000 1.412
1950.000 1.023
1955.000 0.890
1960.000 0.805
1965.000 0.819
1970.000 1.106
1975.000 1.644
1980.000 1.392
1985.000 1.103
1990.000 0.599
1995.000 0.923
2000.000 0.678
2005.000 1.245
2010.000 1.059
2015.000 0.968
2020.000 1.452
2025.000 0.988
2030.000 1.326
2035.000 1.188
2040.000 1.217
2045.000 1.087
2050.000 0.861
2055.000 0.802
2060.000 0.928
2065.000 1.027
2070.000 1.433
2075.000 1.214
2080.000 1.114
2085.000 1.301
2090.000 0.995
2095.000 1.008
2100.000 1.331
2105.000 1.318
2110.000 1.411
2115.000 1.298
2120.000 1.000
2125.000 1.090
2130.000 1.191
2135.000 1.462
2140.000 1.585
2145.000 1.681
2150.000 1.272
2155.000 0.957
2160.000 1.364
2165.000 0.885
2170.000 1.464
2175.000 1.420
2180.000 1.021
2185.000 0.757
2190.000 0.881
2195.000 1.022
2200.000 1.049
2205.000 1.450
2210.000 0.981
2215.000 1.201
2220.000 0.834
2225.000 1.167
2230.000 1.379
2235.000 1.436
2240.000 1.254
2245.000 1.069
2250.000 0.745
2255.000 0.881
2260.000 0.773
2265.000 1.322
2270.000 1.699
2275.000 1.477
2280.000 5.551
2285.000 17.036
2290.000 26.728
2295.000 15.728
2300.000 3.070
2305.000 0.668
2310.000 0.000
2315.000 0.000
2320.000 0.000
2325.000 0.000
2330.000 4.945
2335.000 6.021
2340.000 6.699
2345.000 7.188
2350.000 8.113
2355.000 8.545
2360.000 7.951
2365.000 8.316
2370.000 7.071
2375.000 5.410
2380.000 1.509
2385.000 0.000
2390.000 0.000
2395.000 0.000
2400.000 2.475
2405.000 3.547
2410.000 0.428
2415.000 0.313
2420.000 0.462
2425.000 0.500
2430.000 0.581
2435.000 0.344
2440.000 0.551
2445.000 0.530
2450.000 0.667
2455.000 0.755
2460.000 0.588
2465.000 0.839
2470.000 0.704
2475.000 0.680
2480.000 0.803
2485.000 0.674
2490.000 0.996
2495.000 1.174
2500.000 0.711
2505.000 0.764
2510.000 0.611
2515.000 0.673
2520.000 0.865
2525.000 1.230
2530.000 0.905
2535.000 0.786
2540.000 0.656
2545.000 0.670
2550.000 1.078
2555.000 1.261
2560.000 1.066
2565.000 0.720
2570.000 0.420
2575.000 0.756
2580.000 1.318
2585.000 0.594
2590.000 1.000
2595.000 1.315
2600.000 0.686
2605.000 0.997
2610.000 0.896
2615.000 1.372
2620.000 0.783
2625.000 0.559
2630.000 0.525
2635.000 0.708
2640.000 1.150
2645.000 0.907
2650.000 0.815
2655.000 0.693
2660.000 0.911
2665.000 0.707
2670.000 0.643
2675.000 0.803
2680.000 0.878
2685.000 1.330
2690.000 0.739
2695.000 0.657
2700.000 0.846
2705.000 1.096
2710.000 1.157
2715.000 1.036
2720.000 0.804
2725.000 1.052
2730.000 0.777
2735.000 0.597
2740.000 0.941
2745.000 1.153
2750.000 1.094
2755.000 0.885
2760.000 0.671
2765.000 0.636
2770.000 0.582
2775.000 1.275
2780.000 0.772
2785.000 0.935
2790.000 0.697
2795.000 0.655
2800.000 0.771
2805.000 1.188
2810.000 1.077
2815.000 0.887
2820.000 0.702
2825.000 0.761
2830.000 0.474
2835.000 1.087
2840.000 0.983
2845.000 1.005
2850.000 0.964
2855.000 0.930
2860.000 0.362
2865.000 0.809
2870.000 1.034
2875.000 0.810
2880.000 0.938
2885.000 0.554
2890.000 0.764
2895.000 0.507
2900.000 0.739
2905.000 1.041
2910.000 1.321
2915.000 0.771
2920.000 0.774
2925.000 1.071
2930.000 0.794
2935.000 1.905
2940.000 0.749
2945.000 0.947
2950.000 0.839
2955.000 0.800
2960.000 0.646
2965.000 0.698
2970.000 1.767
2975.000 0.688
2980.000 0.629
2985.000 0.749
2990.000 0.768
2995.000 0.891
3000.000 1.008
3005.000 1.109
3010.000 0.927
3015.000 0.576
3020.000 0.722
3025.000 0.735
3030.000 1.053
3035.000 1.154
3040.000 1.121
3045.000 0.641
3050.000 0.760
3055.000 0.709
3060.000 1.074
3065.000 0.908
3070.000 1.390
3075.000 0.561
3080.000 0.846
3085.000 0.718
3090.000 0.925
3095.000 1.153
3100.000 1.044
3105.000 1.101
3110.000 0.833
3115.000 0.836
3120.000 1.063
3125.000 0.973
3130.000 0.687
3135.000 0.796
3140.000 0.534
3145.000 0.567
3150.000 0.885
3155.000 1.245
3160.000 0.646
3165.000 0.863
3170.000 0.507
3175.000 0.656
3180.000 0.697
3185.000 1.063
3190.000 1.165
3195.000 0.890
3200.000 1.235
3205.000 0.877
3210.000 0.686
3215.000 0.785
3220.000 1.060
3225.000 1.283
3230.000 0.869
3235.000 0.844
3240.000 0.839
3245.000 0.746
3250.000 0.940
3255.000 1.017
3260.000 1.113
3265.000 1.260
3270.000 0.663
3275.000 0.849
3280.000 0.610
3285.000 0.753
3290.000 1.269
3295.000 1.181
3300.000 0.710
3305.000 0.836
3310.000 0.716
3315.000 0.587
3320.000 1.245
3325.000 0.943
3330.000 0.834
3335.000 0.770
3340.000 0.579
3345.000 0.966
3350.000 0.762
3355.000 1.082
3360.000 0.737
3365.000 0.691
3370.000 0.831
3375.000 1.075
3380.000 0.585
3385.000 0.927
3390.000 0.746
3395.000 0.973
3400.000 1.257
3405.000 0.665
3410.000 1.486
3415.000 0.612
3420.000 0.881
3425.000 0.470
3430.000 0.822
3435.000 0.789
3440.000 0.876
3445.000 0.812
3450.000 0.865
3455.000 0.836
3460.000 1.541
3465.000 25.457
3470.000 34.239
3475.000 12.265
3480.000 0.000
3485.000 0.000
3490.000 0.663
3495.000 0.683
3500.000 0.000
3505.000 0.001
3510.000 0.143
3515.000 1.430
3520.000 0.187
3525.000 0.144
3530.000 0.297
3535.000 0.339
3540.000 0.223
3545.000 0.508
3550.000 0.393
3555.000 0.482
3560.000 0.425
3565.000 0.326
3570.000 0.476
3575.000 0.430
3580.000 0.685
3585.000 0.586
3590.000 0.572
3595.000 0.747
3600.000 0.757
3605.000 0.673
3610.000 0.824
3615.000 0.676
3620.000 0.751
3625.000 0.307
3630.000 0.784
3635.000 0.527
3640.000 0.544
3645.000 0.732
3650.000 0.364
3655.000 0.628
3660.000 0.949
3665.000 0.526
3670.000 0.812
3675.000 0.746
3680.000 0.543
3685.000 0.822
3690.000 0.455
3695.000 0.781
3700.000 0.494
3705.000 0.567
3710.000 0.929
3715.000 0.471
3720.000 0.648
3725.000 0.720
3730.000 0.812
3735.000 0.609
3740.000 0.905
3745.000 0.664
3750.000 0.391
3755.000 0.510
3760.000 0.794
3765.000 0.630
3770.000 0.603
3775.000 0.698
3780.000 0.906
3785.000 0.814
3790.000 0.754
3795.000 1.020
3800.000 0.730
3805.000 0.497
3810.000 0.541
3815.000 0.531
3820.000 0.715
3825.000 0.789
3830.000 0.454
3835.000 0.516
3840.000 0.640
3845.000 0.496
3850.000 0.371
3855.000 0.839
3860.000 0.873
3865.000 0.765
3870.000 0.657
3875.000 0.616
3880.000 0.822
3885.000 0.631
3890.000 0.723
3895.000 1.134
3900.000 0.443
3905.000 0.531
3910.000 0.610
3915.000 0.460
3920.000 0.712
3925.000 0.993
3930.000 0.726
3935.000 0.496
3940.000 0.750
3945.000 0.501
3950.000 0.499
3955.000 0.669
3960.000 0.953
3965.000 0.466
3970.000 0.786
3975.000 0.394
3980.000 0.714
3985.000 0.481
3990.000 0.613
3995.000 1.027
4000.000 1.096
4005.000 0.552
4010.000 0.506
4015.000 0.438
4020.000 0.465
4025.000 0.985
4030.000 0.591
4035.000 0.777
4040.000 0.469
4045.000 0.496
4050.000 0.480
4055.000 0.896
4060.000 0.599
4065.000 1.068
4070.000 0.719
4075.000 0.641
4080.000 0.517
4085.000 0.717
4090.000 0.523
4095.000 0.599
4100.000 0.727
4105.000 0.582
4110.000 0.525
4115.000 0.593
4120.000 0.727
4125.000 0.624
4130.000 1.084
4135.000 0.218
4140.000 0.775
4145.000 0.473
4150.000 0.749
4155.000 0.453
4160.000 0.660
4165.000 0.499
4170.000 0.745
4175.000 0.762
4180.000 0.549
4185.000 0.439
4190.000 0.650
4195.000 0.502
4200.000 0.420
4205.000 0.589
4210.000 0.790
4215.000 0.417
4220.000 0.808
4225.000 0.455
4230.000 0.594
4235.000 0.813
4240.000 0.430
4245.000 0.917
4250.000 0.849
4255.000 0.265
4260.000 0.733
4265.000 0.680
4270.000 0.544
4275.000 0.630
4280.000 0.827
4285.000 0.357
4290.000 0.662
4295.000 0.857
4300.000 0.455
4305.000 0.405
4310.000 0.579
4315.000 0.775
4320.000 0.687
4325.000 0.675
4330.000 0.812
4335.000 0.770
4340.000 0.473
4345.000 0.606
4350.000 0.767
4355.000 0.518
4360.000 0.303
4365.000 0.770
4370.000 0.688
4375.000 0.429
4380.000 0.645
4385.000 0.554
4390.000 0.792
4395.000 0.638
4400.000 0.537
4405.000 0.501
4410.000 0.334
4415.000 0.622
4420.000 0.532
4425.000 0.606
4430.000 0.659
4435.000 0.375
4440.000 0.447
4445.000 0.436
4450.000 0.546
4455.000 0.435
4460.000 0.881
4465.000 0.484
4470.000 0.483
4475.000 0.756
4480.000 0.375
4485.000 0.924
4490.000 0.693
4495.000 0.764
4500.000 0.648
4505.000 0.843
4510.000 0.667
4515.000 0.785
4520.000 0.684
4525.000 0.483
4530.000 0.735
4535.000 0.533
4540.000 0.565
4545.000 0.444
4550.000 0.470
4555.000 0.606
4560.000 0.763
4565.000 0.403
4570.000 0.257
4575.000 0.808
4580.000 0.603
4585.000 0.622
4590.000 0.521
4595.000 0.461
4600.000 0.615
4605.000 0.460
4610.000 0.624
4615.000 0.653
4620.000 0.418
4625.000 0.658
4630.000 0.437
4635.000 0.269
4640.000 0.490
4645.000 0.891
4650.000 0.837
4655.000 0.865
4660.000 0.577
4665.000 0.575
4670.000 0.734
4675.000 0.481
4680.000 0.656
4685.000 0.504
4690.000 0.748
4695.000 0.688
4700.000 0.565
4705.000 0.732
4710.000 0.483
4715.000 0.685
4720.000 0.710
4725.000 0.697
4730.000 0.858
4735.000 0.524
4740.000 0.531
4745.000 0.938
4750.000 0.656
4755.000 0.769
4760.000 0.663
4765.000 0.740
4770.000 0.655
4775.000 0.842
4780.000 0.777
4785.000 0.575
4790.000 1.128
4795.000 1.365
4800.000 1.162
4805.000 1.319
4810.000 0.883
4815.000 0.742
4820.000 0.604
4825.000 0.856
4830.000 0.751
4835.000 0.815
4840.000 0.487
4845.000 0.480
4850.000 0.717
4855.000 0.744
4860.000 0.580
4865.000 0.636
4870.000 0.800
4875.000 0.692
4880.000 0.666
4885.000 0.643
4890.000 0.604
4895.000 0.713
4900.000 0.824
4905.000 0.953
4910.000 0.560
4915.000 0.817
4920.000 0.660
4925.000 0.458
4930.000 1.016
4935.000 0.588
4940.000 0.452
4945.000 0.772
4950.000 0.762
4955.000 1.183
4960.000 0.828
4965.000 0.968
4970.000 0.756
4975.000 0.930
4980.000 0.773
4985.000 1.527
4990.000 0.487
4995.000 0.544
5000.000 0.768
5005.000 0.773
5010.000 0.654
5015.000 0.714
5020.000 0.708
5025.000 0.636
5030.000 0.759
5035.000 0.541
5040.000 0.729
5045.000 0.642
5050.000 0.748
5055.000 0.889
5060.000 0.879
5065.000 0.637
5070.000 0.659
5075.000 0.597
5080.000 0.678
5085.000 0.972
5090.000 1.011
5095.000 0.954
5100.000 0.599
5105.000 0.950
5110.000 0.909
5115.000 0.825
5120.000 0.804
5125.000 0.763
5130.000 0.647
5135.000 0.446
5140.000 0.592
5145.000 0.681
5150.000 0.596
5155.000 0.868
5160.000 0.741
5165.000 0.674
5170.000 0.653
5175.000 0.504
5180.000 0.735
5185.000 0.848
5190.000 0.732
5195.000 0.534
5200.000 1.406
5205.000 0.667
5210.000 0.654
5215.000 0.785
5220.000 0.721
5225.000 0.719
5230.000 0.725
5235.000 0.737
5240.000 1.021
5245.000 0.693
5250.000 0.549
5255.000 0.970
5260.000 0.371
5265.000 0.764
5270.000 1.148
5275.000 0.857
5280.000 0.726
5285.000 0.984
5290.000 1.003
5295.000 0.938
5300.000 0.610
5305.000 0.821
5310.000 0.669
5315.000 0.438
5320.000 0.865
5325.000 0.546
5330.000 0.339
5335.000 0.557
5340.000 0.623
5345.000 0.666
5350.000 0.646
5355.000 0.404
5360.000 0.457
5365.000 0.420
5370.000 0.922
5375.000 0.619
5380.000 0.776
5385.000 0.908
5390.000 0.566
5395.000 0.499
5400.000 0.793
5405.000 0.570
5410.000 0.343
5415.000 0.726
5420.000 0.460
5425.000 0.675
5430.000 0.608
5435.000 0.676
5440.000 0.647
5445.000 0.861
5450.000 1.147
5455.000 0.504
5460.000 0.713
5465.000 0.579
5470.000 0.814
5475.000 0.483
5480.000 0.943
5485.000 0.629
5490.000 0.624
5495.000 0.861
5500.000 1.064
5505.000 0.725
5510.000 0.632
5515.000 0.611
5520.000 0.940
5525.000 0.578
5530.000 1.143
5535.000 0.733
5540.000 1.167
5545.000 1.077
5550.000 1.063
5555.000 0.663
5560.000 0.407
5565.000 0.998
5570.000 1.009
5575.000 0.798
5580.000 0.855
5585.000 0.610
5590.000 0.528
5595.000 0.786
5600.000 0.675
5605.000 0.632
5610.000 0.492
5615.000 0.822
5620.000 0.916
5625.000 0.821
5630.000 0.553
5635.000 0.846
5640.000 0.598
5645.000 0.685
5650.000 0.658
5655.000 0.940
5660.000 0.450
5665.000 0.739
5670.000 0.493
5675.000 0.940
5680.000 1.232
5685.000 0.992
5690.000 0.971
5695.000 0.847
5700.000 0.473
5705.000 0.836
5710.000 0.642
5715.000 0.753
5720.000 0.557
5725.000 0.755
5730.000 0.690
5735.000 0.902
5740.000 0.448
5745.000 0.719
5750.000 0.535
5755.000 2.460
5760.000 43.540
5765.000 10.185
5770.000 0.089
5775.000 0.000
5780.000 0.000
5785.000 0.832
5790.000 1.011
5795.000 1.163
5800.000 1.359
5805.000 0.000
5810.000 0.000
5815.000 0.113
5820.000 1.736
5825.000 0.910
5830.000 0.151
5835.000 0.201
5840.000 0.205
5845.000 0.287
5850.000 0.711
5855.000 0.383
5860.000 0.412
5865.000 0.338
5870.000 0.722
5875.000 0.295
5880.000 0.473
5885.000 0.541
5890.000 0.908
5895.000 0.387
5900.000 0.573
5905.000 0.711
5910.000 0.377
5915.000 0.454
5920.000 0.443
5925.000 0.566
5930.000 0.325
5935.000 0.678
5940.000 0.745
5945.000 0.792
5950.000 0.522
5955.000 0.630
5960.000 0.463
5965.000 0.525
5970.000 0.631
5975.000 0.590
5980.000 0.442
5985.000 0.747
5990.000 0.571
5995.000 0.523
6000.000 0.784
6005.000 0.668
6010.000 0.365
6015.000 0.640
6020.000 0.492
6025.000 0.668
6030.000 0.846
6035.000 0.601
6040.000 0.447
6045.000 1.341
6050.000 1.272
6055.000 0.824
6060.000 0.740
6065.000 1.426
6070.000 1.320
6075.000 2.112
6080.000 1.700
6085.000 1.677
6090.000 0.730
6095.000 1.375
6100.000 1.343
6105.000 1.061
6110.000 1.279
6115.000 0.422
6120.000 0.632
6125.000 0.578
6130.000 1.133
6135.000 0.620
6140.000 0.719
6145.000 0.495
6150.000 0.747
6155.000 1.017
6160.000 0.982
6165.000 1.337
6170.000 1.158
6175.000 0.679
6180.000 1.337
6185.000 0.966
6190.000 0.863
6195.000 0.745
6200.000 1.461
6205.000 1.236
6210.000 0.769
6215.000 0.929
6220.000 0.717
6225.000 0.681
6230.000 0.589
6235.000 0.346
6240.000 0.730
6245.000 0.599
6250.000 0.747
6255.000 0.677
6260.000 0.651
6265.000 0.934
6270.000 0.580
6275.000 0.966
6280.000 0.636
6285.000 0.728
6290.000 0.980
6295.000 0.882
6300.000 0.564
6305.000 0.754
6310.000 0.679
6315.000 0.610
6320.000 0.676
6325.000 0.627
6330.000 0.785
6335.000 1.156
6340.000 0.704
6345.000 0.727
6350.000 1.064
6355.000 0.967
6360.000 0.879
6365.000 1.030
6370.000 0.440
6375.000 0.417
6380.000 0.665
6385.000 0.443
6390.000 0.999
6395.000 0.895
6400.000 0.454
6405.000 0.937
6410.000 0.840
6415.000 0.624
6420.000 0.920
6425.000 0.729
6430.000 1.089
6435.000 0.578
6440.000 0.728
6445.000 0.598
6450.000 0.672
6455.000 1.166
6460.000 0.753
6465.000 0.593
6470.000 0.618
6475.000 1.153
6480.000 0.839
6485.000 0.681
6490.000 1.241
6495.000 0.864
6500.000 0.471
6505.000 0.530
6510.000 0.529
6515.000 0.739
6520.000 0.574
6525.000 0.532
6530.000 0.615
6535.000 0.493
6540.000 0.795
6545.000 0.436
6550.000 0.486
6555.000 0.455
6560.000 0.720
6565.000 0.698
6570.000 0.882
6575.000 0.844
6580.000 0.563
6585.000 1.137
6590.000 0.899
6595.000 1.187
6600.000 0.687
6605.000 0.883
6610.000 0.961
6615.000 1.008
6620.000 1.026
6625.000 0.966
6630.000 0.931
6635.000 0.679
6640.000 0.366
6645.000 0.785
6650.000 0.898
6655.000 0.612
6660.000 0.903
6665.000 0.404
6670.000 0.650
6675.000 0.887
6680.000 0.746
6685.000 0.644
6690.000 0.584
6695.000 0.753
6700.000 0.534
6705.000 0.283
6710.000 0.835
6715.000 0.490
6720.000 0.452
6725.000 0.679
6730.000 0.568
6735.000 0.583
6740.000 0.701
6745.000 0.803
6750.000 0.594
6755.000 0.747
6760.000 0.939
6765.000 0.570
6770.000 0.497
6775.000 0.852
6780.000 0.832
6785.000 0.688
6790.000 0.802
6795.000 0.454
6800.000 0.436
6805.000 1.150
6810.000 0.783
6815.000 0.907
6820.000 0.402
6825.000 0.715
6830.000 0.812
6835.000 0.693
6840.000 0.336
6845.000 0.572
6850.000 0.588
6855.000 0.735
6860.000 0.352
6865.000 0.597
6870.000 0.810
6875.000 0.442
6880.000 0.587
6885.000 0.620
6890.000 0.747
6895.000 0.687
6900.000 0.646
6905.000 0.927
6910.000 0.797
6915.000 1.005
6920.000 19.727
6925.000 16.560
6930.000 0.267
6935.000 0.283
6940.000 0.297
6945.000 0.790
6950.000 1.282
6955.000 0.000
6960.000 3.836
6965.000 3.051
6970.000 0.116
6975.000 0.105
6980.000 0.305
6985.000 0.240
6990.000 0.211
6995.000 0.280
7000.000 0.411
7005.000 0.490
7010.000 0.561
7015.000 0.313
7020.000 0.446
7025.000 0.362
7030.000 0.521
7035.000 0.696
7040.000 0.498
7045.000 0.249
7050.000 0.544
7055.000 0.505
7060.000 0.506
7065.000 0.416
7070.000 0.767
7075.000 0.676
7080.000 0.666
7085.000 0.602
7090.000 0.720
7095.000 0.545
7100.000 0.473
7105.000 1.156
7110.000 0.488
7115.000 0.833
7120.000 0.705
7125.000 0.526
7130.000 0.579
7135.000 0.877
7140.000 0.538
7145.000 0.517
7150.000 0.634
7155.000 0.641
7160.000 0.560
7165.000 0.656
7170.000 0.472
7175.000 0.510
7180.000 0.891
7185.000 0.613
7190.000 0.645
7195.000 0.986
7200.000 0.871
7205.000 0.558
7210.000 0.599
7215.000 0.492
7220.000 0.608
7225.000 0.707
7230.000 0.682
7235.000 0.694
7240.000 0.675
7245.000 0.593
7250.000 0.605
7255.000 0.643
7260.000 0.751
7265.000 0.898
7270.000 0.641
7275.000 0.980
7280.000 0.494
7285.000 0.453
7290.000 0.786
7295.000 0.766
7300.000 0.839
7305.000 0.686
7310.000 0.880
7315.000 0.517
7320.000 0.885
7325.000 1.265
7330.000 0.700
7335.000 0.502
7340.000 0.918
7345.000 0.720
7350.000 0.717
7355.000 0.879
7360.000 0.728
7365.000 0.805
7370.000 0.757
7375.000 0.705
7380.000 0.946
7385.000 1.166
7390.000 0.962
7395.000 1.070
7400.000 0.781
7405.000 0.743
7410.000 0.923
7415.000 1.256
7420.000 1.085
7425.000 1.299
7430.000 0.826
7435.000 0.707
7440.000 0.809
7445.000 1.166
7450.000 1.258
7455.000 0.723
7460.000 0.703
7465.000 0.567
7470.000 0.723
7475.000 0.793
7480.000 1.036
7485.000 0.994
7490.000 0.514
7495.000 0.764
7500.000 0.627
7505.000 0.783
7510.000 0.916
7515.000 0.706
7520.000 0.701
7525.000 0.845
7530.000 0.886
7535.000 1.200
7540.000 0.882
7545.000 1.035
7550.000 1.210
7555.000 1.005
7560.000 0.705
7565.000 0.870
7570.000 1.355
7575.000 1.238
7580.000 1.211
7585.000 1.120
7590.000 0.891
7595.000 1.742
7600.000 0.971
7605.000 1.366
7610.000 1.179
7615.000 1.756
7620.000 0.956
7625.000 1.511
7630.000 1.898
7635.000 1.216
7640.000 1.477
7645.000 1.432
7650.000 1.708
7655.000 1.104
7660.000 0.981
7665.000 1.041
7670.000 0.756
7675.000 0.761
7680.000 0.409
7685.000 0.798
7690.000 0.650
7695.000 0.636
7700.000 0.662
7705.000 1.444
7710.000 0.961
7715.000 0.474
7720.000 0.738
7725.000 0.877
7730.000 0.817
7735.000 0.372
7740.000 0.530
7745.000 0.862
7750.000 0.743
7755.000 0.403
7760.000 0.396
7765.000 0.866
7770.000 0.873
7775.000 0.853
7780.000 1.122
7785.000 0.678
7790.000 0.943
7795.000 0.949
7800.000 0.859
7805.000 0.783
7810.000 0.850
7815.000 0.641
7820.000 0.949
7825.000 0.397
7830.000 0.879
7835.000 0.724
7840.000 0.733
7845.000 1.262
7850.000 0.626
7855.000 0.548
7860.000 1.409
7865.000 0.871
7870.000 1.107
7875.000 0.729
7880.000 0.696
7885.000 0.699
7890.000 0.874
7895.000 0.737
7900.000 1.411
7905.000 0.919
7910.000 1.111
7915.000 1.023
7920.000 0.714
7925.000 1.200
7930.000 1.015
7935.000 1.272
7940.000 0.872
7945.000 1.079
7950.000 1.097
7955.000 0.968
7960.000 1.412
7965.000 0.912
7970.000 0.939
7975.000 0.608
7980.000 0.417
7985.000 1.384
7990.000 0.665
7995.000 0.711
8000.000 0.960
8005.000 1.258
8010.000 0.678
8015.000 0.542
8020.000 1.393
8025.000 0.869
8030.000 0.788
8035.000 0.456
8040.000 1.083
8045.000 0.773
8050.000 0.634
8055.000 0.897
8060.000 1.452
8065.000 0.769
8070.000 0.721
8075.000 0.940
8080.000 0.593
8085.000 0.474
8090.000 1.130
8095.000 1.065
8100.000 2.059
8105.000 1.939
8110.000 1.147
8115.000 1.008
8120.000 0.926
8125.000 1.036
8130.000 1.093
8135.000 0.808
8140.000 0.729
8145.000 1.154
8150.000 0.793
8155.000 0.898
8160.000 0.363
8165.000 0.948
8170.000 0.589
8175.000 1.009
8180.000 0.645
8185.000 1.211
8190.000 0.830
8195.000 1.094
8200.000 1.528
8205.000 1.019
8210.000 0.759
8215.000 1.109
8220.000 0.817
8225.000 1.895
8230.000 1.268
8235.000 0.741
8240.000 0.885
8245.000 1.183
8250.000 2.425
8255.000 1.940
8260.000 2.594
8265.000 1.308
8270.000 1.235
8275.000 0.690
8280.000 0.858
8285.000 0.826
8290.000 1.113
8295.000 0.991
8300.000 0.617
8305.000 1.186
8310.000 1.193
8315.000 0.756
8320.000 0.836
8325.000 0.626
8330.000 0.845
8335.000 0.775
8340.000 0.783
8345.000 1.049
8350.000 0.991
8355.000 0.490
8360.000 0.882
8365.000 0.699
8370.000 0.553
8375.000 0.632
8380.000 0.566
8385.000 0.781
8390.000 0.617
8395.000 1.116
8400.000 1.158
8405.000 0.677
8410.000 0.563
8415.000 0.856
8420.000 0.722
8425.000 0.653
8430.000 0.758
8435.000 0.675
8440.000 0.709
8445.000 0.752
8450.000 0.502
8455.000 0.974
8460.000 1.803
8465.000 0.861
8470.000 1.115
8475.000 0.597
8480.000 0.520
8485.000 1.019
8490.000 0.667
8495.000 0.894
8500.000 0.856
8505.000 0.857
8510.000 0.761
8515.000 1.096
8520.000 0.489
8525.000 0.567
8530.000 0.709
8535.000 0.667
8540.000 1.040
8545.000 0.537
8550.000 0.387
8555.000 1.057
8560.000 0.660
8565.000 0.672
8570.000 0.650
8575.000 0.618
8580.000 0.858
8585.000 0.634
8590.000 0.695
8595.000 0.859
8600.000 0.408
8605.000 0.238
8610.000 0.880
8615.000 0.738
8620.000 0.573
8625.000 0.754
8630.000 0.787
8635.000 1.020
8640.000 0.530
8645.000 0.439
8650.000 1.143
8655.000 0.641
8660.000 0.743
8665.000 1.036
8670.000 0.682
8675.000 0.946
8680.000 0.578
8685.000 0.969
8690.000 1.132
8695.000 0.730
8700.000 0.664
8705.000 0.473
8710.000 1.005
8715.000 0.781
8720.000 0.626
8725.000 0.834
8730.000 0.538
8735.000 0.678
8740.000 0.613
8745.000 1.020
8750.000 0.765
8755.000 0.693
8760.000 0.742
8765.000 0.522
8770.000 0.741
8775.000 0.924
8780.000 0.773
8785.000 0.553
8790.000 0.778
8795.000 0.652
8800.000 1.034
8805.000 0.791
8810.000 0.947
8815.000 1.143
8820.000 0.918
8825.000 1.050
8830.000 1.176
8835.000 3.189
8840.000 1.017
8845.000 0.480
8850.000 1.002
8855.000 0.823
8860.000 1.295
8865.000 0.668
8870.000 3.549
8875.000 1.099
8880.000 1.020
8885.000 0.825
8890.000 0.477
8895.000 0.500
8900.000 0.997
8905.000 0.968
8910.000 0.540
8915.000 0.906
8920.000 0.718
8925.000 0.679
8930.000 0.871
8935.000 0.913
8940.000 0.901
8945.000 0.890
8950.000 0.992
8955.000 1.149
8960.000 1.150
8965.000 1.140
8970.000 0.621
8975.000 0.389
8980.000 0.468
8985.000 0.718
8990.000 0.695
8995.000 0.459
9000.000 0.563
9005.000 0.460
9010.000 0.866
9015.000 0.760
9020.000 0.964
9025.000 0.624
9030.000 0.899
9035.000 0.838
9040.000 0.664
9045.000 1.033
9050.000 0.654
9055.000 0.485
9060.000 0.721
9065.000 0.774
9070.000 0.611
9075.000 0.586
9080.000 0.746
9085.000 0.964
9090.000 0.865
9095.000 0.660
9100.000 1.170
9105.000 0.726
9110.000 0.858
9115.000 0.970
9120.000 0.710
9125.000 0.881
9130.000 1.053
9135.000 0.870
9140.000 1.129
9145.000 0.790
9150.000 0.874
9155.000 1.118
9160.000 1.118
9165.000 0.746
9170.000 0.730
9175.000 0.642
9180.000 0.669
9185.000 0.834
9190.000 0.549
9195.000 0.707
9200.000 0.523
9205.000 1.060
9210.000 0.496
9215.000 0.657
9220.000 0.966
9225.000 0.957
9230.000 0.742
9235.000 1.124
9240.000 1.502
9245.000 0.741
9250.000 1.056
9255.000 1.215
9260.000 0.689
9265.000 0.826
9270.000 0.580
9275.000 0.588
9280.000 0.863
9285.000 0.955
9290.000 0.782
9295.000 0.865
9300.000 0.836
9305.000 0.635
9310.000 0.668
9315.000 0.976
9320.000 0.683
9325.000 0.900
9330.000 0.518
9335.000 0.712
9340.000 0.545
9345.000 0.857
9350.000 0.761
9355.000 0.553
9360.000 0.505
9365.000 1.173
9370.000 0.956
9375.000 0.701
9380.000 0.732
9385.000 0.405
9390.000 0.793
9395.000 0.556
9400.000 0.829
9405.000 1.137
9410.000 0.898
9415.000 0.509
9420.000 0.680
9425.000 0.694
9430.000 0.894
9435.000 0.826
9440.000 0.779
9445.000 0.760
9450.000 0.934
9455.000 0.765
9460.000 0.828
9465.000 0.858
9470.000 0.730
9475.000 0.456
9480.000 0.648
9485.000 0.864
9490.000 0.634
9495.000 0.757
9500.000 1.151
9505.000 0.600
9510.000 0.809
9515.000 0.686
9520.000 0.451
9525.000 0.745
9530.000 0.842
9535.000 0.905
9540.000 0.565
9545.000 0.825
9550.000 1.281
9555.000 0.739
9560.000 1.195
9565.000 0.822
9570.000 0.989
9575.000 0.605
9580.000 1.293
9585.000 0.980
9590.000 0.870
9595.000 0.672
9600.000 0.703
9605.000 1.220
9610.000 1.638
9615.000 1.010
9620.000 1.285
9625.000 1.126
9630.000 0.993
9635.000 1.796
9640.000 1.449
9645.000 1.039
9650.000 1.743
9655.000 1.493
9660.000 0.750
9665.000 0.670
9670.000 1.220
9675.000 1.118
9680.000 0.834
9685.000 1.759
9690.000 0.961
9695.000 0.929
9700.000 0.863
9705.000 0.878
9710.000 0.909
9715.000 0.525
9720.000 0.965
9725.000 0.848
9730.000 0.654
9735.000 0.675
9740.000 0.843
9745.000 0.652
9750.000 0.740
9755.000 0.747
9760.000 0.761
9765.000 0.591
9770.000 1.038
9775.000 0.896
9780.000 0.730
9785.000 1.201
9790.000 0.919
9795.000 1.622
9800.000 0.844
9805.000 1.061
9810.000 0.681
9815.000 0.800
9820.000 0.659
9825.000 0.881
9830.000 0.770
9835.000 0.782
9840.000 0.911
9845.000 1.035
9850.000 0.921
9855.000 1.301
9860.000 1.329
9865.000 1.101
9870.000 0.962
9875.000 1.367
9880.000 0.650
9885.000 1.034
9890.000 0.668
9895.000 1.351
9900.000 1.293
9905.000 0.961
9910.000 0.958
9915.000 0.761
9920.000 1.159
9925.000 2.030
9930.000 1.112
9935.000 1.103
9940.000 0.558
9945.000 1.488
9950.000 0.854
9955.000 0.960
9960.000 1.252
9965.000 1.578
9970.000 0.921
9975.000 0.872
9980.000 1.298
9985.000 1.051
9990.000 0.941
9995.000 0.732
10000.000 0.840
