105.000 10.012
110.000 7.131
115.000 12.774
120.000 8.586
125.000 4.727
130.000 7.370
135.000 4.642
140.000 12.313
145.000 6.533
150.000 7.566
155.000 3.010
160.000 13.906
165.000 6.808
170.000 12.142
175.000 9.702
180.000 15.505
185.000 12.245
190.000 4.885
195.000 13.958
200.000 7.401
205.000 4.311
210.000 6.903
215.000 10.200
220.000 7.722
225.000 12.988
230.000 15.958
235.000 7.804
240.000 4.614
245.000 4.353
250.000 4.815
255.000 3.096
260.000 5.246
265.000 4.529
270.000 5.320
275.000 7.449
280.000 3.163
285.000 2.325
290.000 2.880
295.000 7.061
300.000 5.290
305.000 5.610
310.000 2.224
315.000 2.603
320.000 1.899
325.000 3.498
330.000 3.855
335.000 3.650
340.000 3.862
345.000 3.633
350.000 1.686
355.000 3.935
360.000 3.995
365.000 3.110
370.000 3.018
375.000 3.293
380.000 2.972
385.000 3.242
390.000 3.696
395.000 3.766
400.000 3.861
405.000 2.119
410.000 2.608
415.000 2.524
420.000 3.413
425.000 2.899
430.000 4.546
435.000 2.622
440.000 2.834
445.000 3.210
450.000 1.839
455.000 3.304
460.000 4.195
465.000 2.619
470.000 3.027
475.000 2.400
480.000 1.777
485.000 3.916
490.000 3.084
495.000 3.868
500.000 1.895
505.000 2.668
510.000 1.708
515.000 3.116
520.000 5.263
525.000 2.060
530.000 3.050
535.000 1.907
540.000 2.074
545.000 2.779
550.000 2.666
555.000 2.719
560.000 2.454
565.000 2.387
570.000 2.179
575.000 1.880
580.000 3.291
585.000 3.204
590.000 1.848
595.000 3.410
600.000 1.670
605.000 2.595
610.000 1.971
615.000 2.721
620.000 1.776
625.000 2.970
630.000 2.266
635.000 1.575
640.000 2.429
645.000 2.382
650.000 2.462
655.000 3.072
660.000 3.069
665.000 2.601
670.000 2.253
675.000 2.374
680.000 3.597
685.000 2.162
690.000 2.132
695.000 2.495
700.000 2.553
705.000 1.710
710.000 0.888
715.000 2.251
720.000 1.434
725.000 1.813
730.000 2.336
735.000 2.005
740.000 1.510
745.000 2.222
750.000 2.225
755.000 1.145
760.000 2.592
765.000 3.085
770.000 2.157
775.000 2.380
780.000 1.659
785.000 1.236
790.000 2.280
795.000 1.559
800.000 1.509
805.000 1.629
810.000 2.836
815.000 3.118
820.000 1.840
825.000 1.150
830.000 1.530
835.000 1.939
840.000 1.927
845.000 3.147
850.000 1.975
855.000 1.444
860.000 2.429
865.000 1.542
870.000 2.602
875.000 1.845
880.000 2.034
885.000 2.771
890.000 2.085
895.000 1.860
900.000 2.384
905.000 2.285
910.000 3.030
915.000 2.218
920.000 2.257
925.000 2.197
930.000 3.241
935.000 2.080
940.000 2.812
945.000 2.528
950.000 1.449
955.000 2.778
960.000 1.693
965.000 1.914
970.000 2.318
975.000 1.450
980.000 1.429
985.000 2.621
990.000 1.713
995.000 3.038
1000.000 2.287
1005.000 3.734
1010.000 3.060
1015.000 2.100
1020.000 2.212
1025.000 2.058
1030.000 1.283
1035.000 3.176
1040.000 2.351
1045.000 2.020
1050.000 1.826
1055.000 2.067
1060.000 1.531
1065.000 2.151
1070.000 3.464
1075.000 2.269
1080.000 1.993
1085.000 1.227
1090.000 2.496
1095.000 1.879
1100.000 2.434
1105.000 3.027
1110.000 2.554
1115.000 1.552
1120.000 1.491
1125.000 8.050
1130.000 6.198
1135.000 3.666
1140.000 3.612
1145.000 2.023
1150.000 1.862
1155.000 2.531
1160.000 2.542
1165.000 2.102
1170.000 2.660
1175.000 1.641
1180.000 1.777
1185.000 1.429
1190.000 1.782
1195.000 2.662
1200.000 4.936
1205.000 2.872
1210.000 1.481
1215.000 2.107
1220.000 1.571
1225.000 1.990
1230.000 1.740
1235.000 1.680
1240.000 1.749
1245.000 1.111
1250.000 2.095
1255.000 1.784
1260.000 1.544
1265.000 1.174
1270.000 1.219
1275.000 1.350
1280.000 1.165
1285.000 2.146
1290.000 2.779
1295.000 1.631
1300.000 1.822
1305.000 2.164
1310.000 1.072
1315.000 1.850
1320.000 2.546
1325.000 1.533
1330.000 1.255
1335.000 0.971
1340.000 1.238
1345.000 1.585
1350.000 2.045
1355.000 2.028
1360.000 2.185
1365.000 1.878
1370.000 1.215
1375.000 1.529
1380.000 1.109
1385.000 2.138
1390.000 1.338
1395.000 1.547
1400.000 1.493
1405.000 1.470
1410.000 1.368
1415.000 2.133
1420.000 2.106
1425.000 1.872
1430.000 1.073
1435.000 1.643
1440.000 1.624
1445.000 1.564
1450.000 1.842
1455.000 1.538
1460.000 1.065
1465.000 0.811
1470.000 1.304
1475.000 1.440
1480.000 1.209
1485.000 1.483
1490.000 1.410
1495.000 1.168
1500.000 1.030
1505.000 1.691
1510.000 1.371
1515.000 1.988
1520.000 1.064
1525.000 0.919
1530.000 1.466
1535.000 1.341
1540.000 1.539
1545.000 1.398
1550.000 1.897
1555.000 1.531
1560.000 1.349
1565.000 1.578
1570.000 1.622
1575.000 2.038
1580.000 2.175
1585.000 1.323
1590.000 1.825
1595.000 1.435
1600.000 1.405
1605.000 1.799
1610.000 2.617
1615.000 1.752
1620.000 1.506
1625.000 0.946
1630.000 1.613
1635.000 1.472
1640.000 2.103
1645.000 2.115
1650.000 1.329
1655.000 1.212
1660.000 1.302
1665.000 1.016
1670.000 1.659
1675.000 2.437
1680.000 1.810
1685.000 1.230
1690.000 1.298
1695.000 2.539
1700.000 25.303
1705.000 38.089
1710.000 14.723
1715.000 0.000
1720.000 0.000
1725.000 0.000
1730.000 0.000
1735.000 3.708
1740.000 4.905
1745.000 4.789
1750.000 0.000
1755.000 0.000
1760.000 0.014
1765.000 0.000
1770.000 0.050
1775.000 3.228
1780.000 0.549
1785.000 0.374
1790.000 0.395
1795.000 0.759
1800.000 0.582
1805.000 1.076
1810.000 1.304
1815.000 0.863
1820.000 0.644
1825.000 1.012
1830.000 0.759
1835.000 1.315
1840.000 0.830
1845.000 1.403
1850.000 0.864
1855.000 1.201
1860.000 1.492
1865.000 1.263
1870.000 1.285
1875.000 0.983
1880.000 0.821
1885.000 0.681
1890.000 0.903
1895.000 1.405
1900.000 1.326
1905.000 1.817
1910.000 0.903
1915.000 1.629
1920.000 1.477
1925.000 1.062
1930.000 1.342
1935.000 1.255
1940.000 1.372
1945.000 0.917
1950.000 0.633
1955.000 1.243
1960.000 0.745
1965.000 1.151
1970.000 0.964
1975.000 1.105
1980.000 1.049
1985.000 1.130
1990.000 1.103
1995.000 1.013
2000.000 1.368
2005.000 0.608
2010.000 0.553
2015.000 0.781
2020.000 1.647
2025.000 1.113
2030.000 1.633
2035.000 1.154
2040.000 1.052
2045.000 1.320
2050.000 1.554
2055.000 1.011
2060.000 1.172
2065.000 1.427
2070.000 0.708
2075.000 1.145
2080.000 0.873
2085.000 1.043
2090.000 0.812
2095.000 1.214
2100.000 0.859
2105.000 1.002
2110.000 0.777
2115.000 0.797
2120.000 0.911
2125.000 1.324
2130.000 1.567
2135.000 1.325
2140.000 0.944
2145.000 1.207
2150.000 0.927
2155.000 2.080
2160.000 1.335
2165.000 1.606
2170.000 1.153
2175.000 1.119
2180.000 0.978
2185.000 1.496
2190.000 0.970
2195.000 0.946
2200.000 0.873
2205.000 1.071
2210.000 1.139
2215.000 0.898
2220.000 1.498
2225.000 1.665
2230.000 1.228
2235.000 0.895
2240.000 0.980
2245.000 1.459
2250.000 1.072
2255.000 1.461
2260.000 1.446
2265.000 0.853
2270.000 1.063
2275.000 1.576
2280.000 1.938
2285.000 1.558
2290.000 1.196
2295.000 0.988
2300.000 0.923
2305.000 1.554
2310.000 1.518
2315.000 1.665
2320.000 1.749
2325.000 0.771
2330.000 0.894
2335.000 0.946
2340.000 1.023
2345.000 1.465
2350.000 1.343
2355.000 0.900
2360.000 0.938
2365.000 0.864
2370.000 1.589
2375.000 1.519
2380.000 1.456
2385.000 1.022
2390.000 1.235
2395.000 1.785
2400.000 1.353
2405.000 1.770
2410.000 1.637
2415.000 1.814
2420.000 1.195
2425.000 0.990
2430.000 1.063
2435.000 1.918
2440.000 1.108
2445.000 1.172
2450.000 0.888
2455.000 1.431
2460.000 1.055
2465.000 1.152
2470.000 1.127
2475.000 2.289
2480.000 2.803
2485.000 2.296
2490.000 1.737
2495.000 0.985
2500.000 1.177
2505.000 1.266
2510.000 0.927
2515.000 1.425
2520.000 1.187
2525.000 1.098
2530.000 0.857
2535.000 0.703
2540.000 1.518
2545.000 1.553
2550.000 1.134
2555.000 1.015
2560.000 0.668
2565.000 1.113
2570.000 0.558
2575.000 1.248
2580.000 0.958
2585.000 0.888
2590.000 0.709
2595.000 26.655
2600.000 38.332
2605.000 11.186
2610.000 0.000
2615.000 0.000
2620.000 0.000
2625.000 0.000
2630.000 2.793
2635.000 2.664
2640.000 2.387
2645.000 0.000
2650.000 0.005
2655.000 0.000
2660.000 0.111
2665.000 0.206
2670.000 0.336
2675.000 0.273
2680.000 0.367
2685.000 0.325
2690.000 0.544
2695.000 0.300
2700.000 0.737
2705.000 0.408
2710.000 0.557
2715.000 0.682
2720.000 0.603
2725.000 0.581
2730.000 0.828
2735.000 0.829
2740.000 0.928
2745.000 0.991
2750.000 1.009
2755.000 0.584
2760.000 0.820
2765.000 0.920
2770.000 0.680
2775.000 0.428
2780.000 0.614
2785.000 1.008
2790.000 1.144
2795.000 0.814
2800.000 1.243
2805.000 1.439
2810.000 0.924
2815.000 1.115
2820.000 1.031
2825.000 1.114
2830.000 0.706
2835.000 0.866
2840.000 0.598
2845.000 0.846
2850.000 0.772
2855.000 0.894
2860.000 1.144
2865.000 0.674
2870.000 0.812
2875.000 0.759
2880.000 0.558
2885.000 1.031
2890.000 1.056
2895.000 0.837
2900.000 1.056
2905.000 0.569
2910.000 0.664
2915.000 0.840
2920.000 0.961
2925.000 0.984
2930.000 1.798
2935.000 1.390
2940.000 0.976
2945.000 2.005
2950.000 1.224
2955.000 0.624
2960.000 1.348
2965.000 0.924
2970.000 0.546
2975.000 0.684
2980.000 0.795
2985.000 0.833
2990.000 1.030
2995.000 0.993
3000.000 0.626
3005.000 0.923
3010.000 1.118
3015.000 1.284
3020.000 0.910
3025.000 1.077
3030.000 0.751
3035.000 0.541
3040.000 0.791
3045.000 0.975
3050.000 1.110
3055.000 0.946
3060.000 1.164
3065.000 0.542
3070.000 0.515
3075.000 0.865
3080.000 0.882
3085.000 0.925
3090.000 0.815
3095.000 0.836
3100.000 0.745
3105.000 0.835
3110.000 1.013
3115.000 1.236
3120.000 0.489
3125.000 0.760
3130.000 1.613
3135.000 1.494
3140.000 0.807
3145.000 0.890
3150.000 0.918
3155.000 1.119
3160.000 0.496
3165.000 2.280
3170.000 2.928
3175.000 1.891
3180.000 1.981
3185.000 2.984
3190.000 2.068
3195.000 1.950
3200.000 1.331
3205.000 0.882
3210.000 1.184
3215.000 1.024
3220.000 0.940
3225.000 0.547
3230.000 0.853
3235.000 0.769
3240.000 1.344
3245.000 0.511
3250.000 1.128
3255.000 0.908
3260.000 0.543
3265.000 0.557
3270.000 0.842
3275.000 0.620
3280.000 0.682
3285.000 0.594
3290.000 0.681
3295.000 0.858
3300.000 1.034
3305.000 0.753
3310.000 1.037
3315.000 0.772
3320.000 0.683
3325.000 0.562
3330.000 0.718
3335.000 0.743
3340.000 1.079
3345.000 1.092
3350.000 0.962
3355.000 0.729
3360.000 0.730
3365.000 1.101
3370.000 1.222
3375.000 0.647
3380.000 1.068
3385.000 0.835
3390.000 0.472
3395.000 0.956
3400.000 0.546
3405.000 0.507
3410.000 0.642
3415.000 1.229
3420.000 0.687
3425.000 0.894
3430.000 0.505
3435.000 1.035
3440.000 1.038
3445.000 0.834
3450.000 0.575
3455.000 0.800
3460.000 1.238
3465.000 1.011
3470.000 6.030
3475.000 39.792
3480.000 2.607
3485.000 0.005
3490.000 0.379
3495.000 0.002
3500.000 0.003
3505.000 3.425
3510.000 0.110
3515.000 0.225
3520.000 0.136
3525.000 0.249
3530.000 0.221
3535.000 0.327
3540.000 0.341
3545.000 0.300
3550.000 0.353
3555.000 0.565
3560.000 0.531
3565.000 0.412
3570.000 0.486
3575.000 0.251
3580.000 0.837
3585.000 0.898
3590.000 0.575
3595.000 0.756
3600.000 0.565
3605.000 0.728
3610.000 0.450
3615.000 0.424
3620.000 0.626
3625.000 0.677
3630.000 0.461
3635.000 0.874
3640.000 0.509
3645.000 0.526
3650.000 0.477
3655.000 0.476
3660.000 0.645
3665.000 0.497
3670.000 0.488
3675.000 0.423
3680.000 0.555
3685.000 0.657
3690.000 0.676
3695.000 1.006
3700.000 0.485
3705.000 0.904
3710.000 0.482
3715.000 0.479
3720.000 0.905
3725.000 1.116
3730.000 1.351
3735.000 1.249
3740.000 1.109
3745.000 0.443
3750.000 0.674
3755.000 0.969
3760.000 0.575
3765.000 0.507
3770.000 0.767
3775.000 0.619
3780.000 0.703
3785.000 0.933
3790.000 0.995
3795.000 0.735
3800.000 0.487
3805.000 0.527
3810.000 0.576
3815.000 0.517
3820.000 0.753
3825.000 1.026
3830.000 0.807
3835.000 0.659
3840.000 0.566
3845.000 0.519
3850.000 0.674
3855.000 0.805
3860.000 0.531
3865.000 0.555
3870.000 0.558
3875.000 0.910
3880.000 0.920
3885.000 0.459
3890.000 0.678
3895.000 0.903
3900.000 0.557
3905.000 0.732
3910.000 0.728
3915.000 0.810
3920.000 1.092
3925.000 0.613
3930.000 0.647
3935.000 0.621
3940.000 1.033
3945.000 0.919
3950.000 0.486
3955.000 0.773
3960.000 0.540
3965.000 0.569
3970.000 0.560
3975.000 0.531
3980.000 0.808
3985.000 0.967
3990.000 0.518
3995.000 0.509
4000.000 0.617
4005.000 0.631
4010.000 1.151
4015.000 1.034
4020.000 0.809
4025.000 0.491
4030.000 0.564
4035.000 0.481
4040.000 0.774
4045.000 0.935
4050.000 0.699
4055.000 0.703
4060.000 0.851
4065.000 0.694
4070.000 0.636
4075.000 0.791
4080.000 1.070
4085.000 0.363
4090.000 0.653
4095.000 0.641
4100.000 0.823
4105.000 0.427
4110.000 0.613
4115.000 1.054
4120.000 0.863
4125.000 0.958
4130.000 0.386
4135.000 1.196
4140.000 1.003
4145.000 0.650
4150.000 0.877
4155.000 0.279
4160.000 0.908
4165.000 0.680
4170.000 0.566
4175.000 0.471
4180.000 0.680
4185.000 0.459
4190.000 0.385
4195.000 0.470
4200.000 0.723
4205.000 0.557
4210.000 0.420
4215.000 0.542
4220.000 0.446
4225.000 0.580
4230.000 0.689
4235.000 0.587
4240.000 0.655
4245.000 0.547
4250.000 0.509
4255.000 0.674
4260.000 0.570
4265.000 0.551
4270.000 0.407
4275.000 0.759
4280.000 0.314
4285.000 0.710
4290.000 0.366
4295.000 0.395
4300.000 0.567
4305.000 0.706
4310.000 0.557
4315.000 0.442
4320.000 0.881
4325.000 0.790
4330.000 0.442
4335.000 0.393
4340.000 0.714
4345.000 0.523
4350.000 0.299
4355.000 0.353
4360.000 0.698
4365.000 0.630
4370.000 0.620
4375.000 0.408
4380.000 0.509
4385.000 0.452
4390.000 0.345
4395.000 0.437
4400.000 0.413
4405.000 0.514
4410.000 0.481
4415.000 0.389
4420.000 1.027
4425.000 0.797
4430.000 0.760
4435.000 0.477
4440.000 0.749
4445.000 0.716
4450.000 0.363
4455.000 0.509
4460.000 0.542
4465.000 0.629
4470.000 0.462
4475.000 0.589
4480.000 0.577
4485.000 0.439
4490.000 0.582
4495.000 0.504
4500.000 0.435
4505.000 0.712
4510.000 0.574
4515.000 0.607
4520.000 0.469
4525.000 0.455
4530.000 0.573
4535.000 0.581
4540.000 0.330
4545.000 0.530
4550.000 0.608
4555.000 0.329
4560.000 0.534
4565.000 0.644
4570.000 0.862
4575.000 0.489
4580.000 0.605
4585.000 0.541
4590.000 0.449
4595.000 0.382
4600.000 0.559
4605.000 0.532
4610.000 0.434
4615.000 0.472
4620.000 0.505
4625.000 0.557
4630.000 0.484
4635.000 0.346
4640.000 0.428
4645.000 0.584
4650.000 0.532
4655.000 0.585
4660.000 0.832
4665.000 0.631
4670.000 0.464
4675.000 0.616
4680.000 0.882
4685.000 0.622
4690.000 0.666
4695.000 0.611
4700.000 0.627
4705.000 0.488
4710.000 0.549
4715.000 0.435
4720.000 0.536
4725.000 1.076
4730.000 0.502
4735.000 0.519
4740.000 0.433
4745.000 0.668
4750.000 0.757
4755.000 0.575
4760.000 0.452
4765.000 0.780
4770.000 0.971
4775.000 0.623
4780.000 0.914
4785.000 0.886
4790.000 0.447
4795.000 0.626
4800.000 0.650
4805.000 0.619
4810.000 0.446
4815.000 0.614
4820.000 0.500
4825.000 0.349
4830.000 0.746
4835.000 0.732
4840.000 0.431
4845.000 0.596
4850.000 0.954
4855.000 0.530
4860.000 0.566
4865.000 0.627
4870.000 0.597
4875.000 0.471
4880.000 0.583
4885.000 0.647
4890.000 0.524
4895.000 0.637
4900.000 0.584
4905.000 0.556
4910.000 0.976
4915.000 0.616
4920.000 0.450
4925.000 0.456
4930.000 0.922
4935.000 0.976
4940.000 0.807
4945.000 0.972
4950.000 0.578
4955.000 0.707
4960.000 0.565
4965.000 0.964
4970.000 0.797
4975.000 0.625
4980.000 0.657
4985.000 1.039
4990.000 0.340
4995.000 0.845
5000.000 1.158
5005.000 0.956
5010.000 0.514
5015.000 0.619
5020.000 0.963
5025.000 0.751
5030.000 0.630
5035.000 0.470
5040.000 1.088
5045.000 0.726
5050.000 0.561
5055.000 1.105
5060.000 0.819
5065.000 0.793
5070.000 1.162
5075.000 1.358
5080.000 0.774
5085.000 0.604
5090.000 0.798
5095.000 1.032
5100.000 0.745
5105.000 0.821
5110.000 0.767
5115.000 0.684
5120.000 0.986
5125.000 0.464
5130.000 0.928
5135.000 0.844
5140.000 0.813
5145.000 0.443
5150.000 0.653
5155.000 0.617
5160.000 0.435
5165.000 0.756
5170.000 0.820
5175.000 13.184
5180.000 41.067
5185.000 0.757
5190.000 0.000
5195.000 0.000
5200.000 0.000
5205.000 0.000
5210.000 0.004
5215.000 2.280
5220.000 2.559
5225.000 2.229
5230.000 2.282
5235.000 0.000
5240.000 0.000
5245.000 0.000
5250.000 0.000
5255.000 3.153
5260.000 1.654
5265.000 0.205
5270.000 0.187
5275.000 0.296
5280.000 0.388
5285.000 0.655
5290.000 0.418
5295.000 0.455
5300.000 0.375
5305.000 0.681
5310.000 0.639
5315.000 0.391
5320.000 0.560
5325.000 0.540
5330.000 0.574
5335.000 0.551
5340.000 0.798
5345.000 0.585
5350.000 0.609
5355.000 0.261
5360.000 0.605
5365.000 0.656
5370.000 0.361
5375.000 0.805
5380.000 0.744
5385.000 0.650
5390.000 0.690
5395.000 0.597
5400.000 0.676
5405.000 0.665
5410.000 0.348
5415.000 0.607
5420.000 0.862
5425.000 0.651
5430.000 0.933
5435.000 0.673
5440.000 0.622
5445.000 0.657
5450.000 0.653
5455.000 0.808
5460.000 0.582
5465.000 0.353
5470.000 0.484
5475.000 0.478
5480.000 0.789
5485.000 0.583
5490.000 0.687
5495.000 0.641
5500.000 0.692
5505.000 0.440
5510.000 0.491
5515.000 0.523
5520.000 0.452
5525.000 0.573
5530.000 0.842
5535.000 0.727
5540.000 0.659
5545.000 0.589
5550.000 0.642
5555.000 0.929
5560.000 0.629
5565.000 0.450
5570.000 0.650
5575.000 0.526
5580.000 0.551
5585.000 0.537
5590.000 0.358
5595.000 0.493
5600.000 0.597
5605.000 0.447
5610.000 0.588
5615.000 0.711
5620.000 0.678
5625.000 0.670
5630.000 0.731
5635.000 0.713
5640.000 0.899
5645.000 0.410
5650.000 0.460
5655.000 1.004
5660.000 0.514
5665.000 0.624
5670.000 0.632
5675.000 0.843
5680.000 0.541
5685.000 0.685
5690.000 0.476
5695.000 0.552
5700.000 0.749
5705.000 0.327
5710.000 0.624
5715.000 0.449
5720.000 0.561
5725.000 0.537
5730.000 0.325
5735.000 0.624
5740.000 0.788
5745.000 0.744
5750.000 0.478
5755.000 0.681
5760.000 1.054
5765.000 0.562
5770.000 0.802
5775.000 0.748
5780.000 0.398
5785.000 0.582
5790.000 0.686
5795.000 0.406
5800.000 0.495
5805.000 1.134
5810.000 0.720
5815.000 0.537
5820.000 0.695
5825.000 0.611
5830.000 0.647
5835.000 0.350
5840.000 0.937
5845.000 0.736
5850.000 0.701
5855.000 0.393
5860.000 0.576
5865.000 0.641
5870.000 0.632
5875.000 0.542
5880.000 0.595
5885.000 0.487
5890.000 0.728
5895.000 0.447
5900.000 0.560
5905.000 0.448
5910.000 0.645
5915.000 0.573
5920.000 0.659
5925.000 0.506
5930.000 0.448
5935.000 0.654
5940.000 0.695
5945.000 0.607
5950.000 0.644
5955.000 2.237
5960.000 2.021
5965.000 3.110
5970.000 5.556
5975.000 2.651
5980.000 3.887
5985.000 3.274
5990.000 2.007
5995.000 1.691
6000.000 1.511
6005.000 1.747
6010.000 0.760
6015.000 0.870
6020.000 0.794
6025.000 0.609
6030.000 0.740
6035.000 0.923
6040.000 0.740
6045.000 0.505
6050.000 0.572
6055.000 0.729
6060.000 31.642
6065.000 46.641
6070.000 7.931
6075.000 0.079
6080.000 0.293
6085.000 0.388
6090.000 0.622
6095.000 0.004
6100.000 1.637
6105.000 2.532
6110.000 0.102
6115.000 0.157
6120.000 0.179
6125.000 0.187
6130.000 0.221
6135.000 0.301
6140.000 0.282
6145.000 0.348
6150.000 0.582
6155.000 0.493
6160.000 0.740
6165.000 0.569
6170.000 0.318
6175.000 0.571
6180.000 0.832
6185.000 0.961
6190.000 0.455
6195.000 0.741
6200.000 0.654
6205.000 0.487
6210.000 0.594
6215.000 0.723
6220.000 0.784
6225.000 0.539
6230.000 0.599
6235.000 0.608
6240.000 0.485
6245.000 0.756
6250.000 0.565
6255.000 0.763
6260.000 0.762
6265.000 0.579
6270.000 0.886
6275.000 0.228
6280.000 0.738
6285.000 0.525
6290.000 0.678
6295.000 0.722
6300.000 0.444
6305.000 0.816
6310.000 1.102
6315.000 1.025
6320.000 0.526
6325.000 0.730
6330.000 0.570
6335.000 0.960
6340.000 0.400
6345.000 0.964
6350.000 1.154
6355.000 0.555
6360.000 0.631
6365.000 0.624
6370.000 0.788
6375.000 0.533
6380.000 0.546
6385.000 0.575
6390.000 0.409
6395.000 0.428
6400.000 0.478
6405.000 0.391
6410.000 0.760
6415.000 0.631
6420.000 0.469
6425.000 0.487
6430.000 0.517
6435.000 0.766
6440.000 0.987
6445.000 0.700
6450.000 0.628
6455.000 0.972
6460.000 0.527
6465.000 0.676
6470.000 0.630
6475.000 0.811
6480.000 0.697
6485.000 1.020
6490.000 0.585
6495.000 0.835
6500.000 0.714
6505.000 0.651
6510.000 0.736
6515.000 0.452
6520.000 0.697
6525.000 0.803
6530.000 0.556
6535.000 0.422
6540.000 0.450
6545.000 0.721
6550.000 0.734
6555.000 1.105
6560.000 1.033
6565.000 1.106
6570.000 1.045
6575.000 0.615
6580.000 0.759
6585.000 0.733
6590.000 0.718
6595.000 0.692
6600.000 0.501
6605.000 0.932
6610.000 0.698
6615.000 1.023
6620.000 0.597
6625.000 0.875
6630.000 0.544
6635.000 0.902
6640.000 0.811
6645.000 0.531
6650.000 0.663
6655.000 0.537
6660.000 0.703
6665.000 0.756
6670.000 0.920
6675.000 0.739
6680.000 0.823
6685.000 0.589
6690.000 0.697
6695.000 0.561
6700.000 1.039
6705.000 0.759
6710.000 0.977
6715.000 1.096
6720.000 0.972
6725.000 0.827
6730.000 1.053
6735.000 0.906
6740.000 0.628
6745.000 0.967
6750.000 0.879
6755.000 0.629
6760.000 0.603
6765.000 0.757
6770.000 0.732
6775.000 0.730
6780.000 0.578
6785.000 0.734
6790.000 0.965
6795.000 0.757
6800.000 0.806
6805.000 0.894
6810.000 0.654
6815.000 0.724
6820.000 0.884
6825.000 1.275
6830.000 0.583
6835.000 0.925
6840.000 0.680
6845.000 0.831
6850.000 0.652
6855.000 0.879
6860.000 0.927
6865.000 0.490
6870.000 0.531
6875.000 0.637
6880.000 0.831
6885.000 0.645
6890.000 0.700
6895.000 0.622
6900.000 0.622
6905.000 0.681
6910.000 0.925
6915.000 0.694
6920.000 0.808
6925.000 0.836
6930.000 15.686
6935.000 48.588
6940.000 9.312
6945.000 0.314
6950.000 0.576
6955.000 0.311
6960.000 2.020
6965.000 0.558
6970.000 0.104
6975.000 0.156
6980.000 0.227
6985.000 0.323
6990.000 0.371
6995.000 0.442
7000.000 0.489
7005.000 0.611
7010.000 0.479
7015.000 0.730
7020.000 0.478
7025.000 0.552
7030.000 0.476
7035.000 0.641
7040.000 0.509
7045.000 0.545
7050.000 0.556
7055.000 0.828
7060.000 0.785
7065.000 0.537
7070.000 0.603
7075.000 0.629
7080.000 0.739
7085.000 0.655
7090.000 0.751
7095.000 0.857
7100.000 0.926
7105.000 0.631
7110.000 0.443
7115.000 1.150
7120.000 0.678
7125.000 0.826
7130.000 1.230
7135.000 1.187
7140.000 0.700
7145.000 0.721
7150.000 0.809
7155.000 0.665
7160.000 0.651
7165.000 0.876
7170.000 0.601
7175.000 1.039
7180.000 0.776
7185.000 0.767
7190.000 0.809
7195.000 0.441
7200.000 0.896
7205.000 0.257
7210.000 0.503
7215.000 0.951
7220.000 1.009
7225.000 0.454
7230.000 0.782
7235.000 0.886
7240.000 0.622
7245.000 1.043
7250.000 0.879
7255.000 0.625
7260.000 0.429
7265.000 1.045
7270.000 0.809
7275.000 1.006
7280.000 0.806
7285.000 0.785
7290.000 0.784
7295.000 1.015
7300.000 0.962
7305.000 0.651
7310.000 1.077
7315.000 1.114
7320.000 1.164
7325.000 1.430
7330.000 0.851
7335.000 1.261
7340.000 1.190
7345.000 0.652
7350.000 0.875
7355.000 0.752
7360.000 0.665
7365.000 0.605
7370.000 1.201
7375.000 0.846
7380.000 0.866
7385.000 0.955
7390.000 1.471
7395.000 0.713
7400.000 0.986
7405.000 1.161
7410.000 0.613
7415.000 0.519
7420.000 1.125
7425.000 0.729
7430.000 0.941
7435.000 0.966
7440.000 1.352
7445.000 1.010
7450.000 0.816
7455.000 0.663
7460.000 0.902
7465.000 1.380
7470.000 0.987
7475.000 1.153
7480.000 1.109
7485.000 0.875
7490.000 0.568
7495.000 1.204
7500.000 0.646
7505.000 0.761
7510.000 0.995
7515.000 0.566
7520.000 0.730
7525.000 0.667
7530.000 0.897
7535.000 0.663
7540.000 0.900
7545.000 0.897
7550.000 0.993
7555.000 1.205
7560.000 0.788
7565.000 1.055
7570.000 0.845
7575.000 1.033
7580.000 1.181
7585.000 0.957
7590.000 0.788
7595.000 1.021
7600.000 1.265
7605.000 0.497
7610.000 0.572
7615.000 0.358
7620.000 0.399
7625.000 1.400
7630.000 0.663
7635.000 1.173
7640.000 0.670
7645.000 0.809
7650.000 0.682
7655.000 1.224
7660.000 0.626
7665.000 0.902
7670.000 0.545
7675.000 0.820
7680.000 0.893
7685.000 1.145
7690.000 0.841
7695.000 0.981
7700.000 0.883
7705.000 0.482
7710.000 0.725
7715.000 0.478
7720.000 0.668
7725.000 0.678
7730.000 0.773
7735.000 1.272
7740.000 0.940
7745.000 1.214
7750.000 1.255
7755.000 0.814
7760.000 0.453
7765.000 1.054
7770.000 0.767
7775.000 0.688
7780.000 1.013
7785.000 0.892
7790.000 0.732
7795.000 0.774
7800.000 13.484
7805.000 27.296
7810.000 22.936
7815.000 2.997
7820.000 0.998
7825.000 0.783
7830.000 1.149
7835.000 0.586
7840.000 1.058
7845.000 0.670
7850.000 0.985
7855.000 1.012
7860.000 0.966
7865.000 0.931
7870.000 1.062
7875.000 0.883
7880.000 0.516
7885.000 0.688
7890.000 0.519
7895.000 1.293
7900.000 0.656
7905.000 0.923
7910.000 0.622
7915.000 1.146
7920.000 0.658
7925.000 1.261
7930.000 0.853
7935.000 0.820
7940.000 0.948
7945.000 0.932
7950.000 1.020
7955.000 1.107
7960.000 0.734
7965.000 1.037
7970.000 0.742
7975.000 0.677
7980.000 0.892
7985.000 0.878
7990.000 0.378
7995.000 1.088
8000.000 0.715
8005.000 1.131
8010.000 0.881
8015.000 1.113
8020.000 1.510
8025.000 0.790
8030.000 0.916
8035.000 1.211
8040.000 1.306
8045.000 0.803
8050.000 0.711
8055.000 1.012
8060.000 1.359
8065.000 0.848
8070.000 1.512
8075.000 0.930
8080.000 0.809
8085.000 1.584
8090.000 1.480
8095.000 1.202
8100.000 1.310
8105.000 1.423
8110.000 1.174
8115.000 0.869
8120.000 1.104
8125.000 0.703
8130.000 0.612
8135.000 1.267
8140.000 2.344
8145.000 2.609
8150.000 1.231
8155.000 1.721
8160.000 0.781
8165.000 1.082
8170.000 0.823
8175.000 1.061
8180.000 1.203
8185.000 1.188
8190.000 0.617
8195.000 1.209
8200.000 1.102
8205.000 0.619
8210.000 1.114
8215.000 0.984
8220.000 0.728
8225.000 1.528
8230.000 0.869
8235.000 1.125
8240.000 0.676
8245.000 0.929
8250.000 0.698
8255.000 0.815
8260.000 0.871
8265.000 1.176
8270.000 0.782
8275.000 0.809
8280.000 0.773
8285.000 1.193
8290.000 1.133
8295.000 1.030
8300.000 0.715
8305.000 0.674
8310.000 0.637
8315.000 0.924
8320.000 1.402
8325.000 1.638
8330.000 0.599
8335.000 0.885
8340.000 1.171
8345.000 1.318
8350.000 0.717
8355.000 1.147
8360.000 0.960
8365.000 1.253
8370.000 0.809
8375.000 1.056
8380.000 1.058
8385.000 0.990
8390.000 0.987
8395.000 0.783
8400.000 0.492
8405.000 1.489
8410.000 1.158
8415.000 1.162
8420.000 1.878
8425.000 1.748
8430.000 0.856
8435.000 1.298
8440.000 1.388
8445.000 1.517
8450.000 0.979
8455.000 0.694
8460.000 0.825
8465.000 0.765
8470.000 0.830
8475.000 0.613
8480.000 1.195
8485.000 1.033
8490.000 0.723
8495.000 1.179
8500.000 2.111
8505.000 1.468
8510.000 0.610
8515.000 0.611
8520.000 1.013
8525.000 1.250
8530.000 0.891
8535.000 0.656
8540.000 0.866
8545.000 1.425
8550.000 0.620
8555.000 1.156
8560.000 0.729
8565.000 1.036
8570.000 1.176
8575.000 0.646
8580.000 0.524
8585.000 0.590
8590.000 0.723
8595.000 1.065
8600.000 0.794
8605.000 0.650
8610.000 0.980
8615.000 0.709
8620.000 0.693
8625.000 0.869
8630.000 0.934
8635.000 1.013
8640.000 1.127
8645.000 1.301
8650.000 0.860
8655.000 1.049
8660.000 0.833
8665.000 0.683
8670.000 0.896
8675.000 1.036
8680.000 1.243
8685.000 1.149
8690.000 1.540
8695.000 1.621
8700.000 0.972
8705.000 1.169
8710.000 0.910
8715.000 0.666
8720.000 0.953
8725.000 1.380
8730.000 1.597
8735.000 0.659
8740.000 1.715
8745.000 0.898
8750.000 0.680
8755.000 0.612
8760.000 0.777
8765.000 0.920
8770.000 0.834
8775.000 1.081
8780.000 0.799
8785.000 0.592
8790.000 0.989
8795.000 1.018
8800.000 0.774
8805.000 0.729
8810.000 1.151
8815.000 0.756
8820.000 0.991
8825.000 0.660
8830.000 0.597
8835.000 0.561
8840.000 0.859
8845.000 0.844
8850.000 0.560
8855.000 0.800
8860.000 1.459
8865.000 0.794
8870.000 0.736
8875.000 1.288
8880.000 0.714
8885.000 0.860
8890.000 0.621
8895.000 0.719
8900.000 0.668
8905.000 0.665
8910.000 0.754
8915.000 1.218
8920.000 0.804
8925.000 0.917
8930.000 0.700
8935.000 1.184
8940.000 1.417
8945.000 0.689
8950.000 1.063
8955.000 0.822
8960.000 0.536
8965.000 1.029
8970.000 0.764
8975.000 0.760
8980.000 0.629
8985.000 0.552
8990.000 0.718
8995.000 0.384
9000.000 0.808
9005.000 0.854
9010.000 1.064
9015.000 0.570
9020.000 0.894
9025.000 0.720
9030.000 0.515
9035.000 0.691
9040.000 1.195
9045.000 0.767
9050.000 0.426
9055.000 0.768
9060.000 0.665
9065.000 0.660
9070.000 0.815
9075.000 0.675
9080.000 0.721
9085.000 0.712
9090.000 1.006
9095.000 1.023
9100.000 0.706
9105.000 0.733
9110.000 0.716
9115.000 0.724
9120.000 0.426
9125.000 1.034
9130.000 0.889
9135.000 0.716
9140.000 0.871
9145.000 0.746
9150.000 1.071
9155.000 1.109
9160.000 0.784
9165.000 0.709
9170.000 0.938
9175.000 0.479
9180.000 0.274
9185.000 0.858
9190.000 0.708
9195.000 0.493
9200.000 2.017
9205.000 0.762
9210.000 0.707
9215.000 0.695
9220.000 0.688
9225.000 0.753
9230.000 0.655
9235.000 0.803
9240.000 0.360
9245.000 0.445
9250.000 0.493
9255.000 0.768
9260.000 0.885
9265.000 0.452
9270.000 0.314
9275.000 1.036
9280.000 0.614
9285.000 0.722
9290.000 0.992
9295.000 0.725
9300.000 0.542
9305.000 0.867
9310.000 0.986
9315.000 0.625
9320.000 0.511
9325.000 1.089
9330.000 0.629
9335.000 0.877
9340.000 1.042
9345.000 0.960
9350.000 0.508
9355.000 0.998
9360.000 0.423
9365.000 0.853
9370.000 1.124
9375.000 0.818
9380.000 0.889
9385.000 0.807
9390.000 0.784
9395.000 1.007
9400.000 1.185
9405.000 1.072
9410.000 1.001
9415.000 0.595
9420.000 0.905
9425.000 1.144
9430.000 1.026
9435.000 0.570
9440.000 0.709
9445.000 0.847
9450.000 0.593
9455.000 0.702
9460.000 0.773
9465.000 0.776
9470.000 0.787
9475.000 0.682
9480.000 0.903
9485.000 0.729
9490.000 0.828
9495.000 0.754
9500.000 0.418
9505.000 1.351
9510.000 0.813
9515.000 0.596
9520.000 0.801
9525.000 0.633
9530.000 0.931
9535.000 0.692
9540.000 0.410
9545.000 0.505
9550.000 0.538
9555.000 0.519
9560.000 0.520
9565.000 0.602
9570.000 0.463
9575.000 0.430
9580.000 0.529
9585.000 0.613
9590.000 1.120
9595.000 0.837
9600.000 0.726
9605.000 0.671
9610.000 0.888
9615.000 1.145
9620.000 0.809
9625.000 0.690
9630.000 0.871
9635.000 1.042
9640.000 0.929
9645.000 0.739
9650.000 0.843
9655.000 1.005
9660.000 0.664
9665.000 0.881
9670.000 0.962
9675.000 1.235
9680.000 0.797
9685.000 0.945
9690.000 0.547
9695.000 1.162
9700.000 1.304
9705.000 1.100
9710.000 0.542
9715.000 1.078
9720.000 0.466
9725.000 0.732
9730.000 0.725
9735.000 0.689
9740.000 0.878
9745.000 0.692
9750.000 0.419
9755.000 0.561
9760.000 0.615
9765.000 0.655
9770.000 0.569
9775.000 0.878
9780.000 0.606
9785.000 0.603
9790.000 0.566
9795.000 0.959
9800.000 0.485
9805.000 0.629
9810.000 0.768
9815.000 0.440
9820.000 0.568
9825.000 0.510
9830.000 0.711
9835.000 0.598
9840.000 0.419
9845.000 0.510
9850.000 0.561
9855.000 0.730
9860.000 0.674
9865.000 0.853
9870.000 0.636
9875.000 0.729
9880.000 1.115
9885.000 0.875
9890.000 0.734
9895.000 0.877
9900.000 0.861
9905.000 0.408
9910.000 0.918
9915.000 0.887
9920.000 0.275
9925.000 0.687
9930.000 0.598
9935.000 0.703
9940.000 0.547
9945.000 0.763
9950.000 0.900
9955.000 0.423
9960.000 0.714
9965.000 0.662
9970.000 0.674
9975.000 0.628
9980.000 0.579
9985.000 0.571
9990.000 0.958
9995.000 0.490
10000.000 0.567
