105.000 2.802
110.000 5.572
115.000 5.723
120.000 4.949
125.000 14.522
130.000 16.997
135.000 9.318
140.000 6.493
145.000 7.873
150.000 7.279
155.000 4.683
160.000 7.888
165.000 10.686
170.000 9.420
175.000 6.667
180.000 8.431
185.000 7.089
190.000 9.707
195.000 8.023
200.000 5.285
205.000 5.979
210.000 4.100
215.000 10.044
220.000 8.181
225.000 4.151
230.000 6.908
235.000 7.548
240.000 3.705
245.000 6.297
250.000 5.644
255.000 4.574
260.000 5.021
265.000 3.343
270.000 3.370
275.000 5.109
280.000 4.623
285.000 5.537
290.000 2.431
295.000 3.615
300.000 2.967
305.000 3.705
310.000 5.374
315.000 5.603
320.000 4.170
325.000 2.745
330.000 1.592
335.000 2.480
340.000 3.275
345.000 3.369
350.000 4.076
355.000 1.884
360.000 3.483
365.000 2.503
370.000 2.510
375.000 1.668
380.000 2.661
385.000 2.731
390.000 4.773
395.000 3.158
400.000 1.670
405.000 1.652
410.000 2.806
415.000 4.419
420.000 2.313
425.000 2.507
430.000 2.387
435.000 2.434
440.000 2.248
445.000 4.435
450.000 3.632
455.000 2.205
460.000 2.719
465.000 2.482
470.000 2.669
475.000 1.946
480.000 4.867
485.000 3.671
490.000 3.483
495.000 3.404
500.000 4.486
505.000 5.220
510.000 4.245
515.000 4.065
520.000 3.593
525.000 2.398
530.000 1.968
535.000 2.973
540.000 4.177
545.000 2.929
550.000 3.054
555.000 2.194
560.000 2.878
565.000 4.071
570.000 2.865
575.000 2.728
580.000 3.184
585.000 2.401
590.000 1.077
595.000 2.617
600.000 3.477
605.000 4.021
610.000 2.279
615.000 2.833
620.000 2.026
625.000 2.013
630.000 2.401
635.000 2.298
640.000 2.256
645.000 2.040
650.000 1.817
655.000 2.112
660.000 2.085
665.000 3.287
670.000 2.192
675.000 1.434
680.000 2.478
685.000 1.453
690.000 2.480
695.000 23.841
700.000 20.376
705.000 0.000
710.000 0.000
715.000 0.000
720.000 0.159
725.000 0.000
730.000 0.025
735.000 0.000
740.000 1.945
745.000 0.349
750.000 0.331
755.000 0.275
760.000 0.974
765.000 0.938
770.000 0.803
775.000 0.664
780.000 0.783
785.000 1.176
790.000 1.479
795.000 1.068
800.000 1.123
805.000 1.807
810.000 1.492
815.000 0.855
820.000 0.997
825.000 1.363
830.000 2.162
835.000 0.943
840.000 1.706
845.000 1.067
850.000 1.719
855.000 1.860
860.000 2.135
865.000 1.383
870.000 1.267
875.000 1.879
880.000 1.982
885.000 1.829
890.000 1.256
895.000 1.923
900.000 1.517
905.000 2.178
910.000 1.433
915.000 1.523
920.000 1.847
925.000 2.096
930.000 1.922
935.000 2.207
940.000 1.368
945.000 1.080
950.000 2.075
955.000 2.198
960.000 2.100
965.000 2.467
970.000 1.577
975.000 1.710
980.000 2.049
985.000 2.374
990.000 1.514
995.000 1.539
1000.000 1.256
1005.000 1.232
1010.000 1.714
1015.000 1.682
1020.000 2.345
1025.000 2.041
1030.000 1.875
1035.000 1.815
1040.000 2.154
1045.000 2.150
1050.000 2.997
1055.000 2.365
1060.000 1.231
1065.000 1.086
1070.000 1.502
1075.000 2.431
1080.000 1.894
1085.000 2.192
1090.000 3.336
1095.000 1.636
1100.000 1.018
1105.000 1.445
1110.000 1.596
1115.000 2.444
1120.000 2.703
1125.000 2.105
1130.000 1.987
1135.000 1.236
1140.000 1.833
1145.000 1.747
1150.000 2.159
1155.000 2.180
1160.000 1.282
1165.000 1.523
1170.000 1.581
1175.000 1.356
1180.000 1.811
1185.000 1.414
1190.000 1.757
1195.000 1.018
1200.000 1.045
1205.000 1.197
1210.000 1.703
1215.000 1.324
1220.000 1.856
1225.000 1.449
1230.000 1.030
1235.000 1.023
1240.000 2.068
1245.000 1.805
1250.000 1.575
1255.000 1.325
1260.000 1.129
1265.000 0.757
1270.000 1.091
1275.000 1.969
1280.000 1.452
1285.000 1.028
1290.000 1.754
1295.000 1.109
1300.000 1.520
1305.000 1.825
1310.000 1.895
1315.000 1.328
1320.000 0.694
1325.000 1.219
1330.000 1.832
1335.000 1.575
1340.000 1.358
1345.000 1.326
1350.000 1.035
1355.000 0.674
1360.000 1.198
1365.000 2.264
1370.000 1.752
1375.000 1.511
1380.000 1.417
1385.000 0.803
1390.000 2.846
1395.000 4.417
1400.000 1.345
1405.000 1.973
1410.000 1.328
1415.000 1.269
1420.000 1.161
1425.000 1.318
1430.000 1.725
1435.000 1.645
1440.000 1.611
1445.000 1.183
1450.000 1.204
1455.000 1.092
1460.000 0.856
1465.000 1.301
1470.000 1.485
1475.000 1.576
1480.000 1.238
1485.000 0.824
1490.000 0.810
1495.000 1.153
1500.000 1.507
1505.000 0.937
1510.000 1.114
1515.000 1.091
1520.000 0.690
1525.000 1.343
1530.000 2.105
1535.000 2.122
1540.000 1.180
1545.000 0.949
1550.000 0.863
1555.000 1.014
1560.000 1.034
1565.000 1.438
1570.000 1.368
1575.000 1.457
1580.000 1.043
1585.000 1.082
1590.000 1.906
1595.000 1.981
1600.000 1.389
1605.000 1.320
1610.000 0.977
1615.000 1.276
1620.000 1.371
1625.000 2.357
1630.000 2.274
1635.000 1.222
1640.000 1.028
1645.000 0.899
1650.000 1.270
1655.000 1.639
1660.000 1.797
1665.000 2.051
1670.000 1.027
1675.000 1.395
1680.000 1.561
1685.000 1.244
1690.000 1.572
1695.000 2.321
1700.000 0.946
1705.000 1.203
1710.000 1.011
1715.000 1.325
1720.000 1.952
1725.000 1.830
1730.000 2.001
1735.000 2.001
1740.000 1.312
1745.000 1.534
1750.000 1.427
1755.000 2.353
1760.000 1.276
1765.000 1.303
1770.000 1.217
1775.000 1.425
1780.000 1.322
1785.000 1.805
1790.000 1.628
1795.000 1.588
1800.000 1.406
1805.000 0.941
1810.000 1.474
1815.000 1.426
1820.000 2.107
1825.000 1.787
1830.000 1.669
1835.000 1.160
1840.000 0.972
1845.000 1.488
1850.000 0.994
1855.000 1.605
1860.000 2.158
1865.000 1.561
1870.000 0.915
1875.000 1.663
1880.000 1.596
1885.000 3.286
1890.000 2.020
1895.000 1.561
1900.000 1.545
1905.000 2.029
1910.000 1.554
1915.000 1.609
1920.000 1.237
1925.000 0.843
1930.000 0.970
1935.000 1.176
1940.000 0.920
1945.000 1.207
1950.000 1.184
1955.000 1.395
1960.000 1.105
1965.000 0.654
1970.000 0.644
1975.000 1.389
1980.000 1.388
1985.000 1.152
1990.000 1.042
1995.000 1.015
2000.000 1.196
2005.000 0.785
2010.000 0.973
2015.000 1.029
2020.000 0.942
2025.000 1.146
2030.000 0.882
2035.000 0.845
2040.000 0.734
2045.000 6.816
2050.000 21.050
2055.000 27.584
2060.000 37.096
2065.000 1.513
2070.000 0.005
2075.000 0.000
2080.000 0.000
2085.000 3.217
2090.000 3.898
2095.000 4.991
2100.000 5.956
2105.000 5.437
2110.000 4.122
2115.000 3.672
2120.000 0.004
2125.000 0.000
2130.000 0.000
2135.000 0.077
2140.000 3.943
2145.000 3.118
2150.000 0.482
2155.000 0.287
2160.000 0.406
2165.000 0.397
2170.000 0.781
2175.000 0.672
2180.000 0.688
2185.000 0.501
2190.000 0.871
2195.000 0.634
2200.000 0.570
2205.000 0.897
2210.000 1.079
2215.000 0.920
2220.000 0.917
2225.000 0.625
2230.000 0.979
2235.000 1.162
2240.000 1.380
2245.000 1.175
2250.000 0.981
2255.000 0.644
2260.000 0.715
2265.000 1.165
2270.000 1.173
2275.000 1.485
2280.000 0.915
2285.000 1.245
2290.000 0.982
2295.000 0.947
2300.000 1.720
2305.000 1.068
2310.000 0.944
2315.000 0.743
2320.000 1.214
2325.000 1.082
2330.000 1.333
2335.000 1.303
2340.000 1.110
2345.000 0.907
2350.000 0.607
2355.000 0.790
2360.000 1.143
2365.000 1.977
2370.000 1.287
2375.000 1.239
2380.000 1.051
2385.000 0.864
2390.000 1.428
2395.000 1.799
2400.000 0.931
2405.000 1.424
2410.000 1.154
2415.000 1.357
2420.000 1.553
2425.000 1.964
2430.000 0.960
2435.000 1.200
2440.000 0.925
2445.000 0.794
2450.000 0.721
2455.000 1.197
2460.000 1.334
2465.000 1.214
2470.000 0.775
2475.000 0.711
2480.000 0.825
2485.000 1.233
2490.000 1.750
2495.000 0.951
2500.000 0.915
2505.000 0.686
2510.000 1.145
2515.000 1.199
2520.000 0.818
2525.000 1.485
2530.000 0.869
2535.000 0.564
2540.000 0.919
2545.000 0.813
2550.000 2.170
2555.000 1.550
2560.000 1.569
2565.000 0.837
2570.000 0.684
2575.000 0.924
2580.000 1.061
2585.000 0.604
2590.000 1.002
2595.000 0.878
2600.000 1.456
2605.000 1.312
2610.000 0.641
2615.000 1.011
2620.000 1.483
2625.000 0.840
2630.000 0.682
2635.000 1.041
2640.000 1.447
2645.000 1.366
2650.000 1.080
2655.000 1.216
2660.000 0.987
2665.000 0.788
2670.000 0.634
2675.000 0.932
2680.000 0.904
2685.000 0.873
2690.000 1.988
2695.000 1.394
2700.000 0.969
2705.000 0.855
2710.000 0.854
2715.000 0.786
2720.000 0.869
2725.000 0.941
2730.000 1.119
2735.000 0.814
2740.000 1.285
2745.000 1.601
2750.000 2.181
2755.000 0.968
2760.000 0.789
2765.000 1.333
2770.000 1.329
2775.000 14.996
2780.000 32.133
2785.000 0.000
2790.000 0.000
2795.000 0.000
2800.000 0.573
2805.000 0.477
2810.000 0.000
2815.000 0.000
2820.000 1.500
2825.000 2.462
2830.000 0.247
2835.000 0.219
2840.000 0.380
2845.000 0.317
2850.000 0.531
2855.000 0.524
2860.000 0.572
2865.000 0.649
2870.000 0.827
2875.000 0.943
2880.000 0.829
2885.000 0.822
2890.000 0.707
2895.000 0.825
2900.000 1.275
2905.000 1.016
2910.000 1.853
2915.000 1.066
2920.000 0.733
2925.000 1.364
2930.000 2.347
2935.000 2.124
2940.000 1.049
2945.000 0.979
2950.000 0.944
2955.000 0.969
2960.000 1.021
2965.000 0.776
2970.000 0.919
2975.000 0.915
2980.000 0.916
2985.000 0.625
2990.000 0.589
2995.000 1.076
3000.000 1.060
3005.000 0.951
3010.000 0.956
3015.000 0.946
3020.000 1.013
3025.000 0.780
3030.000 0.921
3035.000 1.327
3040.000 2.585
3045.000 2.206
3050.000 2.820
3055.000 0.962
3060.000 1.119
3065.000 1.174
3070.000 1.318
3075.000 0.999
3080.000 0.948
3085.000 0.575
3090.000 0.762
3095.000 0.725
3100.000 1.185
3105.000 0.737
3110.000 1.386
3115.000 1.214
3120.000 0.651
3125.000 0.982
3130.000 0.728
3135.000 0.798
3140.000 0.858
3145.000 0.588
3150.000 0.747
3155.000 0.962
3160.000 0.502
3165.000 1.201
3170.000 0.701
3175.000 0.891
3180.000 0.602
3185.000 0.685
3190.000 0.587
3195.000 1.314
3200.000 1.181
3205.000 1.087
3210.000 0.369
3215.000 0.608
3220.000 0.649
3225.000 1.004
3230.000 1.214
3235.000 0.943
3240.000 0.693
3245.000 0.434
3250.000 0.755
3255.000 0.702
3260.000 0.718
3265.000 0.679
3270.000 0.954
3275.000 0.596
3280.000 0.705
3285.000 0.794
3290.000 0.996
3295.000 1.258
3300.000 1.077
3305.000 0.650
3310.000 0.850
3315.000 0.770
3320.000 0.787
3325.000 1.076
3330.000 0.954
3335.000 0.944
3340.000 0.723
3345.000 0.922
3350.000 0.671
3355.000 0.912
3360.000 1.028
3365.000 1.098
3370.000 0.696
3375.000 0.866
3380.000 0.772
3385.000 0.724
3390.000 0.970
3395.000 1.006
3400.000 1.054
3405.000 0.652
3410.000 0.881
3415.000 0.850
3420.000 0.868
3425.000 1.278
3430.000 0.724
3435.000 0.628
3440.000 0.565
3445.000 0.570
3450.000 1.068
3455.000 0.874
3460.000 0.986
3465.000 0.687
3470.000 0.458
3475.000 18.267
3480.000 31.423
3485.000 9.605
3490.000 0.369
3495.000 0.165
3500.000 1.106
3505.000 0.756
3510.000 0.147
3515.000 0.240
3520.000 0.309
3525.000 0.146
3530.000 0.384
3535.000 0.359
3540.000 0.480
3545.000 0.224
3550.000 0.676
3555.000 0.311
3560.000 0.567
3565.000 0.558
3570.000 0.668
3575.000 0.705
3580.000 0.969
3585.000 0.448
3590.000 0.820
3595.000 0.551
3600.000 0.635
3605.000 0.917
3610.000 0.885
3615.000 0.463
3620.000 0.553
3625.000 0.567
3630.000 0.691
3635.000 0.661
3640.000 0.787
3645.000 1.073
3650.000 0.818
3655.000 0.660
3660.000 0.562
3665.000 0.886
3670.000 0.448
3675.000 0.696
3680.000 0.648
3685.000 0.462
3690.000 0.766
3695.000 0.486
3700.000 0.738
3705.000 0.752
3710.000 0.837
3715.000 0.974
3720.000 0.698
3725.000 0.839
3730.000 1.058
3735.000 0.974
3740.000 0.776
3745.000 0.719
3750.000 0.675
3755.000 0.731
3760.000 0.442
3765.000 0.427
3770.000 0.830
3775.000 0.898
3780.000 0.765
3785.000 0.719
3790.000 0.392
3795.000 0.475
3800.000 0.818
3805.000 0.904
3810.000 0.712
3815.000 0.604
3820.000 0.902
3825.000 0.704
3830.000 0.914
3835.000 0.626
3840.000 1.101
3845.000 0.576
3850.000 0.420
3855.000 0.601
3860.000 1.057
3865.000 0.461
3870.000 0.714
3875.000 0.991
3880.000 0.463
3885.000 0.578
3890.000 0.445
3895.000 0.899
3900.000 0.814
3905.000 0.752
3910.000 0.729
3915.000 0.626
3920.000 0.545
3925.000 0.551
3930.000 0.553
3935.000 0.855
3940.000 0.547
3945.000 0.321
3950.000 0.588
3955.000 0.593
3960.000 0.266
3965.000 0.684
3970.000 0.718
3975.000 0.353
3980.000 0.684
3985.000 1.118
3990.000 0.805
3995.000 0.973
4000.000 0.917
4005.000 0.743
4010.000 0.469
4015.000 0.613
4020.000 0.536
4025.000 0.543
4030.000 0.605
4035.000 0.847
4040.000 0.741
4045.000 0.356
4050.000 1.067
4055.000 0.698
4060.000 0.757
4065.000 0.640
4070.000 0.571
4075.000 0.507
4080.000 0.416
4085.000 0.560
4090.000 0.624
4095.000 1.015
4100.000 0.818
4105.000 0.705
4110.000 0.559
4115.000 0.568
4120.000 0.938
4125.000 0.431
4130.000 0.966
4135.000 0.725
4140.000 0.553
4145.000 0.353
4150.000 0.619
4155.000 0.520
4160.000 0.642
4165.000 0.473
4170.000 0.386
4175.000 0.619
4180.000 0.481
4185.000 0.665
4190.000 0.523
4195.000 0.680
4200.000 0.403
4205.000 0.634
4210.000 0.783
4215.000 0.437
4220.000 0.411
4225.000 0.668
4230.000 0.584
4235.000 0.315
4240.000 0.627
4245.000 0.612
4250.000 0.454
4255.000 1.036
4260.000 0.282
4265.000 0.458
4270.000 0.545
4275.000 0.496
4280.000 0.214
4285.000 0.453
4290.000 0.390
4295.000 0.645
4300.000 0.560
4305.000 0.561
4310.000 0.754
4315.000 0.383
4320.000 0.454
4325.000 0.647
4330.000 0.542
4335.000 0.581
4340.000 0.591
4345.000 0.389
4350.000 0.995
4355.000 0.832
4360.000 0.695
4365.000 0.584
4370.000 0.540
4375.000 0.647
4380.000 0.848
4385.000 0.692
4390.000 0.537
4395.000 0.990
4400.000 0.588
4405.000 0.582
4410.000 0.879
4415.000 0.671
4420.000 0.707
4425.000 0.499
4430.000 0.515
4435.000 0.561
4440.000 0.427
4445.000 0.331
4450.000 0.536
4455.000 0.426
4460.000 0.377
4465.000 0.856
4470.000 0.835
4475.000 0.763
4480.000 0.720
4485.000 0.854
4490.000 0.633
4495.000 0.884
4500.000 0.622
4505.000 0.683
4510.000 0.786
4515.000 0.704
4520.000 0.545
4525.000 0.681
4530.000 0.664
4535.000 0.535
4540.000 0.894
4545.000 0.336
4550.000 0.489
4555.000 0.492
4560.000 0.560
4565.000 0.856
4570.000 0.551
4575.000 0.583
4580.000 0.251
4585.000 0.327
4590.000 0.474
4595.000 0.626
4600.000 0.837
4605.000 0.934
4610.000 0.731
4615.000 0.499
4620.000 0.675
4625.000 0.521
4630.000 0.503
4635.000 0.812
4640.000 0.636
4645.000 0.596
4650.000 0.448
4655.000 0.432
4660.000 0.705
4665.000 0.629
4670.000 0.452
4675.000 0.504
4680.000 0.774
4685.000 0.559
4690.000 0.697
4695.000 0.761
4700.000 1.105
4705.000 0.941
4710.000 1.049
4715.000 0.392
4720.000 0.556
4725.000 0.673
4730.000 0.784
4735.000 0.581
4740.000 0.497
4745.000 0.493
4750.000 0.813
4755.000 0.488
4760.000 0.956
4765.000 0.843
4770.000 0.536
4775.000 0.559
4780.000 0.797
4785.000 0.705
4790.000 0.409
4795.000 0.436
4800.000 0.576
4805.000 0.855
4810.000 0.412
4815.000 1.472
4820.000 0.414
4825.000 0.852
4830.000 0.917
4835.000 0.625
4840.000 0.525
4845.000 0.637
4850.000 0.893
4855.000 0.195
4860.000 0.706
4865.000 1.927
4870.000 0.706
4875.000 0.601
4880.000 0.530
4885.000 0.739
4890.000 0.657
4895.000 1.058
4900.000 0.613
4905.000 0.655
4910.000 0.641
4915.000 0.624
4920.000 0.668
4925.000 0.917
4930.000 0.731
4935.000 0.870
4940.000 1.163
4945.000 0.520
4950.000 0.754
4955.000 0.659
4960.000 0.472
4965.000 0.655
4970.000 0.656
4975.000 0.614
4980.000 0.377
4985.000 0.882
4990.000 0.709
4995.000 0.440
5000.000 0.493
5005.000 0.693
5010.000 0.870
5015.000 0.723
5020.000 0.565
5025.000 0.809
5030.000 0.613
5035.000 0.876
5040.000 0.594
5045.000 0.746
5050.000 0.528
5055.000 0.853
5060.000 0.974
5065.000 0.655
5070.000 0.571
5075.000 0.755
5080.000 0.946
5085.000 0.932
5090.000 0.745
5095.000 0.500
5100.000 0.990
5105.000 0.719
5110.000 0.701
5115.000 0.765
5120.000 0.311
5125.000 0.749
5130.000 0.369
5135.000 0.544
5140.000 0.673
5145.000 0.476
5150.000 1.020
5155.000 0.617
5160.000 0.826
5165.000 0.697
5170.000 0.527
5175.000 0.539
5180.000 0.418
5185.000 0.946
5190.000 0.462
5195.000 0.451
5200.000 0.543
5205.000 0.347
5210.000 0.285
5215.000 0.578
5220.000 0.914
5225.000 0.798
5230.000 0.570
5235.000 0.476
5240.000 0.511
5245.000 0.633
5250.000 0.744
5255.000 0.891
5260.000 0.509
5265.000 0.594
5270.000 0.589
5275.000 0.552
5280.000 0.302
5285.000 0.444
5290.000 0.484
5295.000 0.724
5300.000 0.621
5305.000 0.789
5310.000 0.782
5315.000 1.069
5320.000 0.634
5325.000 0.494
5330.000 0.642
5335.000 0.770
5340.000 0.748
5345.000 0.809
5350.000 0.512
5355.000 0.591
5360.000 0.545
5365.000 0.755
5370.000 0.635
5375.000 0.359
5380.000 0.597
5385.000 0.781
5390.000 0.346
5395.000 0.736
5400.000 0.621
5405.000 0.890
5410.000 0.307
5415.000 0.704
5420.000 0.428
5425.000 0.472
5430.000 0.424
5435.000 0.856
5440.000 0.924
5445.000 0.783
5450.000 0.371
5455.000 0.458
5460.000 0.734
5465.000 0.717
5470.000 0.802
5475.000 0.366
5480.000 0.909
5485.000 0.932
5490.000 1.119
5495.000 0.315
5500.000 0.669
5505.000 0.657
5510.000 0.410
5515.000 0.986
5520.000 0.762
5525.000 0.736
5530.000 1.048
5535.000 0.875
5540.000 19.735
5545.000 41.467
5550.000 0.000
5555.000 0.000
5560.000 0.006
5565.000 0.368
5570.000 0.531
5575.000 0.000
5580.000 0.001
5585.000 2.733
5590.000 0.233
5595.000 0.142
5600.000 0.182
5605.000 0.297
5610.000 0.287
5615.000 0.300
5620.000 0.461
5625.000 0.513
5630.000 0.318
5635.000 0.304
5640.000 0.539
5645.000 0.219
5650.000 0.583
5655.000 0.576
5660.000 0.530
5665.000 0.474
5670.000 0.378
5675.000 0.525
5680.000 0.527
5685.000 0.590
5690.000 0.509
5695.000 0.442
5700.000 0.623
5705.000 0.448
5710.000 0.463
5715.000 0.602
5720.000 0.401
5725.000 0.499
5730.000 0.403
5735.000 0.655
5740.000 0.357
5745.000 0.487
5750.000 0.432
5755.000 0.524
5760.000 0.408
5765.000 0.842
5770.000 0.716
5775.000 0.517
5780.000 0.492
5785.000 0.800
5790.000 0.560
5795.000 0.741
5800.000 0.586
5805.000 0.790
5810.000 0.760
5815.000 0.732
5820.000 0.741
5825.000 0.630
5830.000 0.426
5835.000 0.415
5840.000 0.692
5845.000 0.501
5850.000 0.476
5855.000 0.383
5860.000 0.708
5865.000 0.797
5870.000 0.468
5875.000 0.429
5880.000 0.542
5885.000 0.738
5890.000 0.750
5895.000 0.508
5900.000 0.609
5905.000 0.526
5910.000 0.647
5915.000 0.844
5920.000 0.639
5925.000 0.485
5930.000 0.326
5935.000 0.550
5940.000 0.826
5945.000 0.919
5950.000 0.685
5955.000 0.914
5960.000 0.574
5965.000 0.861
5970.000 0.651
5975.000 0.953
5980.000 0.587
5985.000 0.495
5990.000 0.743
5995.000 0.529
6000.000 0.785
6005.000 0.497
6010.000 0.310
6015.000 0.652
6020.000 0.726
6025.000 0.787
6030.000 0.618
6035.000 0.566
6040.000 0.688
6045.000 0.601
6050.000 0.745
6055.000 0.732
6060.000 0.424
6065.000 0.424
6070.000 0.871
6075.000 0.753
6080.000 0.418
6085.000 0.812
6090.000 0.556
6095.000 0.390
6100.000 0.883
6105.000 0.596
6110.000 0.538
6115.000 0.850
6120.000 0.668
6125.000 0.703
6130.000 0.875
6135.000 0.468
6140.000 0.914
6145.000 0.615
6150.000 0.443
6155.000 0.745
6160.000 0.508
6165.000 0.553
6170.000 0.573
6175.000 0.773
6180.000 0.700
6185.000 0.576
6190.000 0.819
6195.000 0.576
6200.000 0.805
6205.000 0.540
6210.000 0.925
6215.000 0.884
6220.000 0.585
6225.000 0.603
6230.000 1.052
6235.000 0.755
6240.000 0.951
6245.000 45.060
6250.000 23.163
6255.000 0.068
6260.000 0.208
6265.000 0.411
6270.000 1.582
6275.000 1.528
6280.000 0.180
6285.000 0.125
6290.000 0.237
6295.000 0.238
6300.000 0.350
6305.000 0.375
6310.000 0.402
6315.000 0.242
6320.000 0.386
6325.000 0.333
6330.000 0.590
6335.000 0.510
6340.000 0.559
6345.000 0.379
6350.000 0.638
6355.000 0.744
6360.000 1.012
6365.000 0.740
6370.000 0.843
6375.000 0.440
6380.000 1.052
6385.000 1.068
6390.000 0.827
6395.000 0.478
6400.000 0.528
6405.000 1.223
6410.000 0.829
6415.000 0.865
6420.000 0.752
6425.000 0.984
6430.000 1.234
6435.000 1.077
6440.000 1.183
6445.000 1.132
6450.000 0.926
6455.000 1.415
6460.000 0.912
6465.000 0.759
6470.000 0.679
6475.000 0.646
6480.000 0.622
6485.000 0.822
6490.000 0.775
6495.000 1.221
6500.000 0.434
6505.000 0.832
6510.000 0.526
6515.000 0.907
6520.000 0.890
6525.000 0.693
6530.000 0.835
6535.000 0.925
6540.000 0.598
6545.000 0.852
6550.000 0.886
6555.000 0.921
6560.000 1.141
6565.000 0.736
6570.000 0.721
6575.000 0.679
6580.000 0.894
6585.000 0.959
6590.000 0.632
6595.000 0.421
6600.000 0.830
6605.000 0.623
6610.000 0.501
6615.000 0.698
6620.000 0.783
6625.000 0.649
6630.000 0.650
6635.000 0.778
6640.000 0.918
6645.000 0.474
6650.000 0.534
6655.000 0.852
6660.000 0.681
6665.000 0.746
6670.000 0.654
6675.000 0.768
6680.000 0.962
6685.000 0.795
6690.000 0.685
6695.000 0.717
6700.000 0.877
6705.000 0.553
6710.000 0.505
6715.000 0.633
6720.000 0.734
6725.000 0.596
6730.000 0.877
6735.000 0.673
6740.000 0.380
6745.000 0.483
6750.000 0.652
6755.000 0.875
6760.000 0.577
6765.000 0.845
6770.000 0.808
6775.000 0.927
6780.000 0.774
6785.000 0.594
6790.000 1.036
6795.000 0.720
6800.000 0.622
6805.000 0.946
6810.000 1.078
6815.000 0.767
6820.000 0.745
6825.000 0.948
6830.000 0.673
6835.000 0.698
6840.000 0.710
6845.000 0.912
6850.000 0.995
6855.000 0.861
6860.000 0.704
6865.000 0.709
6870.000 0.590
6875.000 0.838
6880.000 1.038
6885.000 0.498
6890.000 0.708
6895.000 0.797
6900.000 0.554
6905.000 0.855
6910.000 0.545
6915.000 0.634
6920.000 0.541
6925.000 0.388
6930.000 0.621
6935.000 0.543
6940.000 6.389
6945.000 2.561
6950.000 0.875
6955.000 1.069
6960.000 0.543
6965.000 0.822
6970.000 0.509
6975.000 0.704
6980.000 0.787
6985.000 0.673
6990.000 0.790
6995.000 0.796
7000.000 0.989
7005.000 0.644
7010.000 0.414
7015.000 0.932
7020.000 0.691
7025.000 0.894
7030.000 0.644
7035.000 0.547
7040.000 0.754
7045.000 0.742
7050.000 0.787
7055.000 0.964
7060.000 0.843
7065.000 0.547
7070.000 0.684
7075.000 0.923
7080.000 0.738
7085.000 0.620
7090.000 0.663
7095.000 0.540
7100.000 0.684
7105.000 0.679
7110.000 0.845
7115.000 0.787
7120.000 0.357
7125.000 0.768
7130.000 0.668
7135.000 0.573
7140.000 0.729
7145.000 0.928
7150.000 0.670
7155.000 0.478
7160.000 0.852
7165.000 0.865
7170.000 0.421
7175.000 0.791
7180.000 0.501
7185.000 0.615
7190.000 0.402
7195.000 0.961
7200.000 0.841
7205.000 0.574
7210.000 0.978
7215.000 1.130
7220.000 0.724
7225.000 0.916
7230.000 0.437
7235.000 0.637
7240.000 0.491
7245.000 0.328
7250.000 0.745
7255.000 0.977
7260.000 0.789
7265.000 0.965
7270.000 1.345
7275.000 1.174
7280.000 0.849
7285.000 4.002
7290.000 1.906
7295.000 1.072
7300.000 0.850
7305.000 0.694
7310.000 0.734
7315.000 0.831
7320.000 0.630
7325.000 0.764
7330.000 0.670
7335.000 0.651
7340.000 0.693
7345.000 0.813
7350.000 0.328
7355.000 0.686
7360.000 0.778
7365.000 0.900
7370.000 0.788
7375.000 0.987
7380.000 2.868
7385.000 1.445
7390.000 2.448
7395.000 1.674
7400.000 1.012
7405.000 0.912
7410.000 0.890
7415.000 1.115
7420.000 1.069
7425.000 1.219
7430.000 1.261
7435.000 0.315
7440.000 0.517
7445.000 1.352
7450.000 4.162
7455.000 2.987
7460.000 2.992
7465.000 2.743
7470.000 1.503
7475.000 1.192
7480.000 1.118
7485.000 1.155
7490.000 1.042
7495.000 1.128
7500.000 0.818
7505.000 0.937
7510.000 1.108
7515.000 0.670
7520.000 1.267
7525.000 0.700
7530.000 0.763
7535.000 0.940
7540.000 1.113
7545.000 1.122
7550.000 0.689
7555.000 1.347
7560.000 3.707
7565.000 3.822
7570.000 3.849
7575.000 5.799
7580.000 4.024
7585.000 2.248
7590.000 1.680
7595.000 2.161
7600.000 1.499
7605.000 2.676
7610.000 4.158
7615.000 3.937
7620.000 2.416
7625.000 3.087
7630.000 1.146
7635.000 1.375
7640.000 0.793
7645.000 0.867
7650.000 0.823
7655.000 0.939
7660.000 0.586
7665.000 0.920
7670.000 1.120
7675.000 0.903
7680.000 1.055
7685.000 0.928
7690.000 0.760
7695.000 0.955
7700.000 0.871
7705.000 1.501
7710.000 0.770
7715.000 0.579
7720.000 1.127
7725.000 0.653
7730.000 0.566
7735.000 1.164
7740.000 0.979
7745.000 0.521
7750.000 0.705
7755.000 0.909
7760.000 0.816
7765.000 0.393
7770.000 0.732
7775.000 0.740
7780.000 0.968
7785.000 0.650
7790.000 0.884
7795.000 0.567
7800.000 1.118
7805.000 0.622
7810.000 0.723
7815.000 0.704
7820.000 0.488
7825.000 0.620
7830.000 0.578
7835.000 0.760
7840.000 1.021
7845.000 1.190
7850.000 1.167
7855.000 1.003
7860.000 0.863
7865.000 0.926
7870.000 0.992
7875.000 0.959
7880.000 1.204
7885.000 0.897
7890.000 0.957
7895.000 0.716
7900.000 1.411
7905.000 0.600
7910.000 1.525
7915.000 1.000
7920.000 0.787
7925.000 1.029
7930.000 0.829
7935.000 0.959
7940.000 0.770
7945.000 0.764
7950.000 0.867
7955.000 1.191
7960.000 0.890
7965.000 1.443
7970.000 0.991
7975.000 0.909
7980.000 1.090
7985.000 0.702
7990.000 1.039
7995.000 1.151
8000.000 1.033
8005.000 0.649
8010.000 0.848
8015.000 0.518
8020.000 0.732
8025.000 1.518
8030.000 1.254
8035.000 0.830
8040.000 1.059
8045.000 0.498
8050.000 0.637
8055.000 0.847
8060.000 0.830
8065.000 0.757
8070.000 0.783
8075.000 1.445
8080.000 1.369
8085.000 1.034
8090.000 0.699
8095.000 1.085
8100.000 1.206
8105.000 0.826
8110.000 0.755
8115.000 0.885
8120.000 0.912
8125.000 0.985
8130.000 1.156
8135.000 0.950
8140.000 0.786
8145.000 0.586
8150.000 1.018
8155.000 0.727
8160.000 0.655
8165.000 0.799
8170.000 0.962
8175.000 0.646
8180.000 0.831
8185.000 1.232
8190.000 0.877
8195.000 0.744
8200.000 0.461
8205.000 0.633
8210.000 1.186
8215.000 0.823
8220.000 1.109
8225.000 1.006
8230.000 0.803
8235.000 0.581
8240.000 0.913
8245.000 1.117
8250.000 0.746
8255.000 0.704
8260.000 0.624
8265.000 0.777
8270.000 0.756
8275.000 1.030
8280.000 1.132
8285.000 0.915
8290.000 0.953
8295.000 0.978
8300.000 1.720
8305.000 0.936
8310.000 1.095
8315.000 1.444
8320.000 0.536
8325.000 0.842
8330.000 0.723
8335.000 0.866
8340.000 0.976
8345.000 1.069
8350.000 0.935
8355.000 0.873
8360.000 0.949
8365.000 0.665
8370.000 0.891
8375.000 0.813
8380.000 0.421
8385.000 0.876
8390.000 0.664
8395.000 0.755
8400.000 1.219
8405.000 0.740
8410.000 0.745
8415.000 0.817
8420.000 1.035
8425.000 0.776
8430.000 0.470
8435.000 1.219
8440.000 1.396
8445.000 1.116
8450.000 1.136
8455.000 1.092
8460.000 0.502
8465.000 0.595
8470.000 0.907
8475.000 0.890
8480.000 1.442
8485.000 0.899
8490.000 1.419
8495.000 1.264
8500.000 1.133
8505.000 0.773
8510.000 1.011
8515.000 1.001
8520.000 0.546
8525.000 1.279
8530.000 0.811
8535.000 0.701
8540.000 0.661
8545.000 0.701
8550.000 0.797
8555.000 0.649
8560.000 0.764
8565.000 0.850
8570.000 0.597
8575.000 0.615
8580.000 0.601
8585.000 1.006
8590.000 0.966
8595.000 0.658
8600.000 1.014
8605.000 1.197
8610.000 0.494
8615.000 0.908
8620.000 0.624
8625.000 0.692
8630.000 1.531
8635.000 1.243
8640.000 0.465
8645.000 0.882
8650.000 0.466
8655.000 0.547
8660.000 0.595
8665.000 0.749
8670.000 0.580
8675.000 0.749
8680.000 0.637
8685.000 0.580
8690.000 1.170
8695.000 0.608
8700.000 0.718
8705.000 0.871
8710.000 0.805
8715.000 0.656
8720.000 0.618
8725.000 0.976
8730.000 1.046
8735.000 1.449
8740.000 0.502
8745.000 0.748
8750.000 0.653
8755.000 0.728
8760.000 0.820
8765.000 0.666
8770.000 0.440
8775.000 1.275
8780.000 0.806
8785.000 0.763
8790.000 0.959
8795.000 0.724
8800.000 0.674
8805.000 1.144
8810.000 0.775
8815.000 0.806
8820.000 0.948
8825.000 0.808
8830.000 0.794
8835.000 1.116
8840.000 0.823
8845.000 0.588
8850.000 0.517
8855.000 0.386
8860.000 1.018
8865.000 1.027
8870.000 0.575
8875.000 0.712
8880.000 0.459
8885.000 0.858
8890.000 0.806
8895.000 0.975
8900.000 0.622
8905.000 0.818
8910.000 0.659
8915.000 0.648
8920.000 0.802
8925.000 0.546
8930.000 0.493
8935.000 0.635
8940.000 0.684
8945.000 0.864
8950.000 0.552
8955.000 0.502
8960.000 0.981
8965.000 1.501
8970.000 0.666
8975.000 0.564
8980.000 0.921
8985.000 0.657
8990.000 0.508
8995.000 1.342
9000.000 1.168
9005.000 0.578
9010.000 1.354
9015.000 0.765
9020.000 1.152
9025.000 0.481
9030.000 0.866
9035.000 0.552
9040.000 0.784
9045.000 0.726
9050.000 0.518
9055.000 0.537
9060.000 0.738
9065.000 0.960
9070.000 0.832
9075.000 0.908
9080.000 0.796
9085.000 1.194
9090.000 0.597
9095.000 0.613
9100.000 0.760
9105.000 0.830
9110.000 0.701
9115.000 0.741
9120.000 0.601
9125.000 0.648
9130.000 0.633
9135.000 0.485
9140.000 0.406
9145.000 0.808
9150.000 0.970
9155.000 0.872
9160.000 1.456
9165.000 1.074
9170.000 0.782
9175.000 0.800
9180.000 0.884
9185.000 0.978
9190.000 0.884
9195.000 0.845
9200.000 1.326
9205.000 1.060
9210.000 0.894
9215.000 0.882
9220.000 0.620
9225.000 0.554
9230.000 0.688
9235.000 0.515
9240.000 0.671
9245.000 0.589
9250.000 0.743
9255.000 0.919
9260.000 1.074
9265.000 0.978
9270.000 0.979
9275.000 0.873
9280.000 1.041
9285.000 0.766
9290.000 1.085
9295.000 0.859
9300.000 0.691
9305.000 0.828
9310.000 0.965
9315.000 1.166
9320.000 0.945
9325.000 0.732
9330.000 0.573
9335.000 0.638
9340.000 1.650
9345.000 0.643
9350.000 1.473
9355.000 0.839
9360.000 0.882
9365.000 0.748
9370.000 0.693
9375.000 0.757
9380.000 0.755
9385.000 0.823
9390.000 1.105
9395.000 1.219
9400.000 0.805
9405.000 1.178
9410.000 0.922
9415.000 0.777
9420.000 0.909
9425.000 0.986
9430.000 1.381
9435.000 1.700
9440.000 1.065
9445.000 1.141
9450.000 1.111
9455.000 1.301
9460.000 0.937
9465.000 0.536
9470.000 0.789
9475.000 0.676
9480.000 0.824
9485.000 0.690
9490.000 0.994
9495.000 0.615
9500.000 1.138
9505.000 1.176
9510.000 0.967
9515.000 1.126
9520.000 0.975
9525.000 0.881
9530.000 1.210
9535.000 0.664
9540.000 0.881
9545.000 0.632
9550.000 1.444
9555.000 1.248
9560.000 1.126
9565.000 0.709
9570.000 1.409
9575.000 1.176
9580.000 1.244
9585.000 0.867
9590.000 1.050
9595.000 0.855
9600.000 1.098
9605.000 0.962
9610.000 0.872
9615.000 0.899
9620.000 1.464
9625.000 1.164
9630.000 1.676
9635.000 1.085
9640.000 0.773
9645.000 0.999
9650.000 1.211
9655.000 1.360
9660.000 1.256
9665.000 1.461
9670.000 1.177
9675.000 1.118
9680.000 1.159
9685.000 0.803
9690.000 1.145
9695.000 1.111
9700.000 1.259
9705.000 0.452
9710.000 0.764
9715.000 0.752
9720.000 1.154
9725.000 0.920
9730.000 1.186
9735.000 1.319
9740.000 0.717
9745.000 1.076
9750.000 1.475
9755.000 1.036
9760.000 0.973
9765.000 0.993
9770.000 0.635
9775.000 0.881
9780.000 0.645
9785.000 1.021
9790.000 0.971
9795.000 0.765
9800.000 0.686
9805.000 1.275
9810.000 1.078
9815.000 1.634
9820.000 0.966
9825.000 0.927
9830.000 0.779
9835.000 0.798
9840.000 0.622
9845.000 0.909
9850.000 0.793
9855.000 0.716
9860.000 1.162
9865.000 1.226
9870.000 1.241
9875.000 0.769
9880.000 1.167
9885.000 0.810
9890.000 1.610
9895.000 1.020
9900.000 0.791
9905.000 1.017
9910.000 0.930
9915.000 0.838
9920.000 1.053
9925.000 1.763
9930.000 0.727
9935.000 1.156
9940.000 1.116
9945.000 0.790
9950.000 0.684
9955.000 0.528
9960.000 0.778
9965.000 1.168
9970.000 0.901
9975.000 1.418
9980.000 0.801
9985.000 0.726
9990.000 1.401
9995.000 1.159
10000.000 1.569
