105.000 5.387
110.000 5.353
115.000 5.135
120.000 5.516
125.000 4.427
130.000 10.361
135.000 6.433
140.000 7.421
145.000 10.104
150.000 4.897
155.000 11.610
160.000 6.120
165.000 11.397
170.000 8.677
175.000 7.224
180.000 8.765
185.000 7.077
190.000 9.305
195.000 9.076
200.000 6.230
205.000 4.773
210.000 8.786
215.000 10.903
220.000 6.704
225.000 3.159
230.000 8.398
235.000 5.729
240.000 5.221
245.000 5.359
250.000 6.150
255.000 8.967
260.000 3.574
265.000 15.738
270.000 8.339
275.000 7.483
280.000 7.699
285.000 5.007
290.000 4.246
295.000 3.108
300.000 5.664
305.000 4.646
310.000 4.451
315.000 4.159
320.000 21.533
325.000 29.135
330.000 14.399
335.000 15.160
340.000 11.443
345.000 7.939
350.000 4.118
355.000 9.253
360.000 11.882
365.000 12.016
370.000 4.032
375.000 3.052
380.000 5.788
385.000 4.529
390.000 3.823
395.000 3.917
400.000 3.443
405.000 2.900
410.000 1.982
415.000 5.043
420.000 2.188
425.000 2.135
430.000 1.707
435.000 4.293
440.000 4.665
445.000 2.367
450.000 3.569
455.000 3.247
460.000 2.183
465.000 4.226
470.000 3.387
475.000 1.683
480.000 4.780
485.000 1.820
490.000 2.782
495.000 2.005
500.000 2.745
505.000 3.767
510.000 3.276
515.000 3.056
520.000 3.824
525.000 3.051
530.000 3.628
535.000 2.736
540.000 2.905
545.000 2.970
550.000 4.037
555.000 2.322
560.000 1.389
565.000 5.505
570.000 27.713
575.000 15.452
580.000 0.000
585.000 0.000
590.000 0.000
595.000 0.000
600.000 0.000
605.000 4.108
610.000 0.000
615.000 0.000
620.000 0.093
625.000 0.000
630.000 3.296
635.000 1.216
640.000 0.814
645.000 0.977
650.000 1.254
655.000 1.040
660.000 1.067
665.000 2.389
670.000 1.126
675.000 1.779
680.000 1.986
685.000 1.933
690.000 1.448
695.000 2.285
700.000 2.788
705.000 2.821
710.000 2.597
715.000 1.302
720.000 1.139
725.000 1.219
730.000 3.374
735.000 1.898
740.000 2.864
745.000 1.601
750.000 1.560
755.000 1.146
760.000 1.479
765.000 2.067
770.000 2.374
775.000 2.258
780.000 1.445
785.000 2.211
790.000 1.875
795.000 2.099
800.000 1.642
805.000 2.151
810.000 1.290
815.000 1.767
820.000 0.995
825.000 2.200
830.000 1.453
835.000 1.117
840.000 1.150
845.000 2.287
850.000 2.346
855.000 2.293
860.000 2.513
865.000 2.331
870.000 2.284
875.000 2.551
880.000 2.372
885.000 1.874
890.000 1.730
895.000 1.545
900.000 2.042
905.000 1.904
910.000 1.797
915.000 2.130
920.000 1.426
925.000 1.465
930.000 2.069
935.000 2.280
940.000 2.044
945.000 1.708
950.000 0.896
955.000 2.186
960.000 3.420
965.000 2.869
970.000 1.773
975.000 1.843
980.000 2.378
985.000 2.039
990.000 3.628
995.000 2.184
1000.000 3.270
1005.000 1.328
1010.000 1.311
1015.000 1.606
1020.000 2.215
1025.000 2.569
1030.000 1.785
1035.000 2.498
1040.000 0.901
1045.000 1.702
1050.000 2.567
1055.000 2.610
1060.000 1.740
1065.000 2.408
1070.000 2.327
1075.000 1.613
1080.000 2.754
1085.000 3.131
1090.000 2.767
1095.000 1.342
1100.000 2.190
1105.000 0.895
1110.000 1.842
1115.000 1.926
1120.000 2.257
1125.000 1.782
1130.000 1.463
1135.000 3.325
1140.000 2.523
1145.000 2.564
1150.000 4.071
1155.000 2.065
1160.000 0.946
1165.000 1.182
1170.000 1.842
1175.000 1.373
1180.000 2.114
1185.000 1.571
1190.000 1.626
1195.000 2.537
1200.000 1.549
1205.000 1.904
1210.000 1.664
1215.000 2.838
1220.000 0.912
1225.000 1.977
1230.000 1.291
1235.000 1.181
1240.000 2.330
1245.000 1.583
1250.000 1.537
1255.000 1.489
1260.000 1.340
1265.000 1.218
1270.000 1.442
1275.000 2.584
1280.000 2.425
1285.000 3.051
1290.000 1.554
1295.000 1.187
1300.000 1.510
1305.000 2.135
1310.000 1.812
1315.000 2.697
1320.000 1.530
1325.000 4.967
1330.000 3.458
1335.000 3.623
1340.000 2.063
1345.000 2.075
1350.000 1.551
1355.000 2.018
1360.000 2.475
1365.000 2.810
1370.000 1.214
1375.000 3.986
1380.000 3.344
1385.000 1.720
1390.000 1.701
1395.000 1.567
1400.000 2.841
1405.000 3.147
1410.000 2.209
1415.000 1.575
1420.000 1.007
1425.000 1.287
1430.000 1.930
1435.000 2.010
1440.000 1.965
1445.000 1.728
1450.000 0.935
1455.000 0.929
1460.000 1.138
1465.000 1.989
1470.000 1.455
1475.000 1.512
1480.000 1.023
1485.000 0.579
1490.000 0.758
1495.000 1.292
1500.000 1.401
1505.000 1.186
1510.000 0.897
1515.000 1.055
1520.000 0.944
1525.000 1.741
1530.000 1.976
1535.000 1.798
1540.000 1.381
1545.000 1.030
1550.000 1.334
1555.000 1.265
1560.000 1.789
1565.000 1.999
1570.000 1.536
1575.000 1.145
1580.000 1.306
1585.000 1.494
1590.000 1.400
1595.000 1.744
1600.000 1.557
1605.000 0.935
1610.000 1.092
1615.000 1.263
1620.000 1.399
1625.000 1.652
1630.000 1.834
1635.000 1.393
1640.000 1.220
1645.000 0.946
1650.000 0.866
1655.000 1.902
1660.000 1.932
1665.000 2.684
1670.000 1.148
1675.000 1.308
1680.000 1.240
1685.000 1.696
1690.000 1.906
1695.000 1.686
1700.000 1.366
1705.000 1.650
1710.000 2.069
1715.000 28.240
1720.000 41.912
1725.000 0.000
1730.000 0.000
1735.000 0.000
1740.000 0.000
1745.000 1.058
1750.000 0.090
1755.000 0.000
1760.000 0.000
1765.000 1.432
1770.000 1.339
1775.000 8.406
1780.000 2.542
1785.000 2.647
1790.000 2.339
1795.000 0.992
1800.000 1.029
1805.000 0.621
1810.000 0.616
1815.000 7.861
1820.000 5.136
1825.000 6.467
1830.000 3.111
1835.000 2.461
1840.000 1.546
1845.000 1.115
1850.000 0.884
1855.000 0.597
1860.000 0.926
1865.000 0.913
1870.000 0.777
1875.000 0.844
1880.000 0.836
1885.000 0.900
1890.000 0.877
1895.000 1.256
1900.000 0.930
1905.000 0.800
1910.000 1.124
1915.000 1.165
1920.000 1.232
1925.000 0.863
1930.000 0.512
1935.000 1.121
1940.000 1.525
1945.000 0.929
1950.000 1.406
1955.000 1.135
1960.000 0.624
1965.000 0.792
1970.000 0.959
1975.000 0.932
1980.000 1.081
1985.000 1.594
1990.000 1.006
1995.000 0.648
2000.000 1.119
2005.000 1.359
2010.000 1.413
2015.000 1.046
2020.000 1.139
2025.000 0.806
2030.000 0.792
2035.000 0.899
2040.000 1.232
2045.000 1.271
2050.000 1.437
2055.000 1.199
2060.000 0.718
2065.000 0.775
2070.000 0.753
2075.000 1.419
2080.000 0.809
2085.000 1.751
2090.000 0.652
2095.000 0.912
2100.000 0.823
2105.000 1.165
2110.000 1.657
2115.000 1.242
2120.000 1.169
2125.000 0.980
2130.000 1.300
2135.000 1.649
2140.000 0.988
2145.000 1.688
2150.000 2.094
2155.000 1.131
2160.000 1.305
2165.000 0.955
2170.000 1.672
2175.000 1.376
2180.000 1.099
2185.000 1.668
2190.000 1.240
2195.000 0.930
2200.000 1.607
2205.000 1.225
2210.000 1.486
2215.000 1.515
2220.000 1.056
2225.000 2.059
2230.000 1.416
2235.000 1.768
2240.000 1.678
2245.000 1.156
2250.000 0.778
2255.000 1.174
2260.000 1.297
2265.000 1.772
2270.000 1.607
2275.000 1.445
2280.000 1.171
2285.000 0.862
2290.000 1.512
2295.000 1.234
2300.000 2.371
2305.000 15.021
2310.000 29.775
2315.000 4.249
2320.000 0.000
2325.000 0.000
2330.000 0.000
2335.000 1.860
2340.000 1.778
2345.000 1.422
2350.000 0.000
2355.000 0.004
2360.000 0.000
2365.000 3.553
2370.000 0.229
2375.000 0.200
2380.000 0.445
2385.000 0.667
2390.000 0.747
2395.000 0.930
2400.000 0.998
2405.000 0.535
2410.000 0.565
2415.000 0.664
2420.000 0.657
2425.000 1.017
2430.000 0.776
2435.000 1.330
2440.000 0.785
2445.000 0.741
2450.000 0.726
2455.000 1.004
2460.000 1.163
2465.000 1.351
2470.000 1.048
2475.000 1.041
2480.000 0.897
2485.000 1.031
2490.000 0.972
2495.000 1.526
2500.000 1.041
2505.000 1.007
2510.000 1.000
2515.000 0.476
2520.000 0.990
2525.000 1.126
2530.000 0.748
2535.000 0.826
2540.000 0.736
2545.000 0.826
2550.000 1.152
2555.000 1.292
2560.000 0.814
2565.000 0.854
2570.000 0.885
2575.000 0.827
2580.000 0.779
2585.000 1.187
2590.000 1.027
2595.000 1.307
2600.000 1.001
2605.000 0.546
2610.000 0.916
2615.000 0.864
2620.000 1.121
2625.000 0.914
2630.000 0.869
2635.000 0.805
2640.000 1.041
2645.000 0.923
2650.000 1.283
2655.000 1.038
2660.000 1.009
2665.000 0.685
2670.000 0.578
2675.000 0.657
2680.000 0.662
2685.000 1.142
2690.000 1.127
2695.000 0.496
2700.000 0.457
2705.000 0.811
2710.000 0.509
2715.000 1.194
2720.000 0.754
2725.000 0.769
2730.000 0.883
2735.000 0.910
2740.000 0.810
2745.000 0.668
2750.000 0.823
2755.000 1.475
2760.000 0.922
2765.000 2.084
2770.000 0.664
2775.000 1.080
2780.000 1.177
2785.000 1.370
2790.000 0.544
2795.000 0.945
2800.000 0.575
2805.000 0.657
2810.000 1.003
2815.000 0.949
2820.000 0.814
2825.000 0.950
2830.000 0.691
2835.000 0.624
2840.000 0.968
2845.000 1.302
2850.000 0.984
2855.000 0.909
2860.000 1.033
2865.000 0.624
2870.000 0.793
2875.000 0.992
2880.000 0.898
2885.000 0.852
2890.000 1.424
2895.000 27.282
2900.000 37.058
2905.000 12.380
2910.000 0.431
2915.000 0.268
2920.000 0.122
2925.000 1.000
2930.000 2.395
2935.000 0.515
2940.000 0.294
2945.000 0.251
2950.000 0.269
2955.000 0.402
2960.000 0.385
2965.000 0.554
2970.000 0.484
2975.000 0.585
2980.000 0.521
2985.000 0.478
2990.000 0.614
2995.000 0.777
3000.000 0.558
3005.000 0.810
3010.000 0.881
3015.000 0.926
3020.000 0.607
3025.000 0.625
3030.000 0.600
3035.000 1.021
3040.000 0.902
3045.000 0.888
3050.000 0.422
3055.000 0.929
3060.000 0.810
3065.000 1.284
3070.000 0.818
3075.000 1.062
3080.000 0.870
3085.000 0.900
3090.000 0.953
3095.000 1.097
3100.000 0.630
3105.000 0.838
3110.000 1.215
3115.000 0.911
3120.000 0.972
3125.000 1.283
3130.000 1.006
3135.000 0.872
3140.000 1.012
3145.000 1.463
3150.000 2.179
3155.000 0.880
3160.000 0.991
3165.000 0.965
3170.000 1.129
3175.000 1.157
3180.000 0.695
3185.000 0.489
3190.000 0.755
3195.000 1.356
3200.000 0.988
3205.000 1.095
3210.000 0.930
3215.000 0.636
3220.000 0.628
3225.000 0.757
3230.000 0.890
3235.000 0.732
3240.000 1.411
3245.000 2.643
3250.000 2.286
3255.000 4.339
3260.000 12.654
3265.000 13.396
3270.000 7.246
3275.000 3.578
3280.000 2.583
3285.000 0.821
3290.000 0.639
3295.000 0.802
3300.000 0.869
3305.000 0.777
3310.000 0.800
3315.000 1.003
3320.000 0.621
3325.000 1.063
3330.000 1.049
3335.000 0.527
3340.000 0.543
3345.000 0.813
3350.000 0.915
3355.000 1.037
3360.000 0.737
3365.000 0.631
3370.000 0.902
3375.000 0.742
3380.000 0.878
3385.000 0.733
3390.000 1.080
3395.000 0.863
3400.000 0.781
3405.000 0.833
3410.000 0.531
3415.000 0.744
3420.000 1.179
3425.000 1.225
3430.000 0.879
3435.000 0.485
3440.000 0.692
3445.000 0.854
3450.000 1.160
3455.000 0.631
3460.000 0.956
3465.000 0.599
3470.000 1.102
3475.000 0.796
3480.000 2.919
3485.000 1.365
3490.000 1.259
3495.000 1.140
3500.000 0.981
3505.000 1.007
3510.000 0.620
3515.000 0.704
3520.000 0.536
3525.000 0.709
3530.000 0.940
3535.000 0.641
3540.000 1.114
3545.000 1.069
3550.000 0.970
3555.000 0.909
3560.000 0.763
3565.000 0.545
3570.000 0.770
3575.000 0.716
3580.000 0.384
3585.000 1.043
3590.000 0.633
3595.000 0.681
3600.000 0.586
3605.000 0.664
3610.000 1.272
3615.000 0.882
3620.000 0.853
3625.000 0.855
3630.000 0.825
3635.000 0.640
3640.000 0.538
3645.000 0.895
3650.000 0.457
3655.000 0.708
3660.000 0.817
3665.000 0.839
3670.000 0.772
3675.000 1.153
3680.000 0.410
3685.000 0.690
3690.000 0.679
3695.000 0.616
3700.000 0.546
3705.000 0.635
3710.000 0.929
3715.000 0.593
3720.000 0.336
3725.000 0.525
3730.000 0.519
3735.000 0.570
3740.000 0.483
3745.000 0.684
3750.000 0.658
3755.000 0.547
3760.000 0.592
3765.000 0.339
3770.000 0.544
3775.000 0.455
3780.000 0.407
3785.000 0.600
3790.000 0.488
3795.000 0.399
3800.000 0.846
3805.000 0.681
3810.000 0.765
3815.000 0.634
3820.000 0.578
3825.000 0.567
3830.000 0.533
3835.000 0.540
3840.000 0.697
3845.000 0.827
3850.000 0.580
3855.000 0.659
3860.000 0.715
3865.000 0.694
3870.000 0.770
3875.000 0.650
3880.000 0.931
3885.000 0.514
3890.000 0.719
3895.000 0.676
3900.000 1.049
3905.000 0.635
3910.000 0.924
3915.000 0.811
3920.000 0.636
3925.000 0.744
3930.000 0.761
3935.000 0.810
3940.000 0.752
3945.000 0.636
3950.000 0.770
3955.000 0.484
3960.000 0.593
3965.000 0.679
3970.000 0.414
3975.000 0.474
3980.000 1.064
3985.000 0.796
3990.000 0.687
3995.000 0.798
4000.000 0.980
4005.000 0.674
4010.000 0.801
4015.000 0.605
4020.000 0.582
4025.000 0.944
4030.000 0.798
4035.000 0.706
4040.000 0.697
4045.000 0.595
4050.000 0.616
4055.000 0.694
4060.000 0.772
4065.000 0.592
4070.000 0.443
4075.000 0.674
4080.000 0.572
4085.000 0.497
4090.000 0.711
4095.000 12.964
4100.000 1.439
4105.000 1.086
4110.000 8.353
4115.000 1.790
4120.000 1.357
4125.000 1.042
4130.000 0.513
4135.000 0.401
4140.000 0.354
4145.000 0.999
4150.000 0.478
4155.000 0.581
4160.000 0.541
4165.000 0.441
4170.000 0.438
4175.000 0.512
4180.000 0.415
4185.000 0.669
4190.000 0.638
4195.000 0.587
4200.000 0.504
4205.000 0.918
4210.000 0.719
4215.000 0.794
4220.000 1.158
4225.000 0.914
4230.000 0.456
4235.000 0.647
4240.000 0.449
4245.000 0.554
4250.000 0.504
4255.000 0.444
4260.000 0.383
4265.000 0.609
4270.000 0.609
4275.000 0.498
4280.000 0.366
4285.000 0.351
4290.000 0.396
4295.000 0.304
4300.000 0.534
4305.000 0.691
4310.000 0.546
4315.000 0.476
4320.000 0.760
4325.000 0.665
4330.000 0.410
4335.000 0.368
4340.000 0.329
4345.000 0.721
4350.000 0.319
4355.000 0.645
4360.000 0.549
4365.000 0.551
4370.000 0.856
4375.000 0.581
4380.000 0.589
4385.000 0.558
4390.000 0.705
4395.000 0.449
4400.000 0.294
4405.000 0.443
4410.000 0.625
4415.000 0.332
4420.000 0.783
4425.000 0.335
4430.000 0.767
4435.000 0.244
4440.000 0.383
4445.000 0.435
4450.000 0.526
4455.000 0.411
4460.000 0.414
4465.000 0.611
4470.000 0.691
4475.000 0.627
4480.000 0.552
4485.000 0.897
4490.000 0.447
4495.000 0.443
4500.000 0.466
4505.000 0.317
4510.000 0.606
4515.000 0.556
4520.000 0.332
4525.000 0.506
4530.000 0.726
4535.000 0.318
4540.000 0.703
4545.000 0.355
4550.000 0.380
4555.000 0.664
4560.000 0.727
4565.000 0.667
4570.000 0.579
4575.000 0.529
4580.000 0.486
4585.000 0.591
4590.000 0.350
4595.000 0.456
4600.000 0.506
4605.000 0.624
4610.000 0.435
4615.000 0.570
4620.000 0.871
4625.000 0.863
4630.000 0.525
4635.000 0.502
4640.000 0.558
4645.000 0.609
4650.000 0.456
4655.000 0.829
4660.000 0.594
4665.000 0.336
4670.000 0.297
4675.000 0.711
4680.000 0.474
4685.000 0.813
4690.000 0.584
4695.000 0.565
4700.000 0.568
4705.000 0.632
4710.000 0.751
4715.000 0.694
4720.000 0.374
4725.000 0.372
4730.000 0.760
4735.000 0.832
4740.000 0.847
4745.000 0.688
4750.000 0.522
4755.000 0.496
4760.000 0.566
4765.000 0.441
4770.000 0.548
4775.000 0.471
4780.000 0.469
4785.000 0.563
4790.000 0.657
4795.000 0.569
4800.000 0.429
4805.000 0.349
4810.000 0.566
4815.000 0.939
4820.000 0.618
4825.000 0.504
4830.000 0.455
4835.000 0.797
4840.000 0.653
4845.000 0.514
4850.000 0.786
4855.000 0.713
4860.000 0.480
4865.000 0.560
4870.000 0.592
4875.000 0.564
4880.000 0.912
4885.000 0.634
4890.000 0.478
4895.000 0.633
4900.000 0.565
4905.000 0.709
4910.000 0.446
4915.000 0.537
4920.000 0.756
4925.000 0.685
4930.000 0.655
4935.000 0.597
4940.000 0.286
4945.000 0.560
4950.000 0.663
4955.000 0.387
4960.000 0.510
4965.000 0.533
4970.000 0.537
4975.000 0.796
4980.000 0.457
4985.000 0.457
4990.000 0.855
4995.000 0.626
5000.000 0.322
5005.000 0.520
5010.000 0.474
5015.000 1.013
5020.000 0.829
5025.000 0.721
5030.000 0.504
5035.000 1.147
5040.000 0.746
5045.000 0.880
5050.000 0.908
5055.000 0.670
5060.000 1.222
5065.000 0.753
5070.000 0.775
5075.000 0.907
5080.000 0.724
5085.000 1.390
5090.000 1.268
5095.000 0.777
5100.000 0.832
5105.000 0.558
5110.000 0.353
5115.000 0.763
5120.000 0.357
5125.000 0.583
5130.000 0.693
5135.000 0.543
5140.000 0.681
5145.000 0.911
5150.000 0.726
5155.000 0.899
5160.000 0.703
5165.000 0.932
5170.000 0.810
5175.000 0.705
5180.000 0.959
5185.000 0.915
5190.000 36.816
5195.000 42.880
5200.000 0.004
5205.000 0.000
5210.000 0.000
5215.000 0.345
5220.000 0.717
5225.000 0.769
5230.000 0.000
5235.000 0.000
5240.000 3.535
5245.000 1.968
5250.000 0.178
5255.000 0.148
5260.000 0.312
5265.000 1.375
5270.000 0.517
5275.000 0.393
5280.000 0.391
5285.000 0.248
5290.000 0.482
5295.000 5.872
5300.000 0.449
5305.000 0.801
5310.000 0.631
5315.000 0.536
5320.000 0.688
5325.000 0.399
5330.000 0.660
5335.000 0.768
5340.000 0.467
5345.000 1.365
5350.000 0.779
5355.000 0.584
5360.000 0.395
5365.000 0.607
5370.000 0.636
5375.000 0.584
5380.000 0.505
5385.000 0.730
5390.000 0.408
5395.000 0.455
5400.000 0.851
5405.000 0.490
5410.000 0.576
5415.000 0.964
5420.000 0.742
5425.000 0.972
5430.000 0.745
5435.000 1.746
5440.000 0.564
5445.000 0.943
5450.000 5.789
5455.000 0.972
5460.000 0.687
5465.000 0.733
5470.000 0.521
5475.000 0.837
5480.000 0.462
5485.000 0.536
5490.000 0.834
5495.000 0.880
5500.000 1.035
5505.000 1.693
5510.000 0.961
5515.000 0.815
5520.000 1.077
5525.000 0.779
5530.000 0.773
5535.000 0.837
5540.000 0.721
5545.000 0.827
5550.000 1.001
5555.000 0.977
5560.000 0.839
5565.000 1.197
5570.000 0.939
5575.000 0.518
5580.000 0.642
5585.000 0.857
5590.000 0.534
5595.000 0.665
5600.000 0.743
5605.000 0.823
5610.000 0.401
5615.000 0.953
5620.000 0.725
5625.000 0.618
5630.000 1.205
5635.000 0.571
5640.000 1.087
5645.000 0.294
5650.000 0.279
5655.000 0.474
5660.000 0.344
5665.000 0.612
5670.000 0.599
5675.000 0.654
5680.000 0.660
5685.000 0.701
5690.000 0.738
5695.000 0.443
5700.000 0.491
5705.000 0.326
5710.000 0.506
5715.000 0.646
5720.000 0.590
5725.000 0.435
5730.000 0.886
5735.000 0.525
5740.000 0.487
5745.000 0.650
5750.000 0.685
5755.000 0.426
5760.000 0.595
5765.000 0.585
5770.000 0.611
5775.000 0.631
5780.000 32.535
5785.000 41.790
5790.000 14.034
5795.000 0.413
5800.000 0.075
5805.000 2.054
5810.000 1.707
5815.000 0.789
5820.000 0.129
5825.000 0.084
5830.000 0.173
5835.000 0.301
5840.000 0.266
5845.000 0.282
5850.000 0.376
5855.000 0.438
5860.000 0.343
5865.000 0.580
5870.000 0.478
5875.000 0.550
5880.000 0.417
5885.000 0.634
5890.000 0.403
5895.000 0.611
5900.000 0.655
5905.000 0.568
5910.000 0.647
5915.000 0.697
5920.000 0.790
5925.000 0.478
5930.000 0.679
5935.000 0.786
5940.000 0.909
5945.000 0.615
5950.000 1.000
5955.000 0.844
5960.000 0.765
5965.000 1.019
5970.000 0.800
5975.000 0.744
5980.000 0.698
5985.000 0.520
5990.000 0.622
5995.000 0.541
6000.000 0.632
6005.000 0.529
6010.000 0.743
6015.000 0.474
6020.000 0.648
6025.000 0.361
6030.000 0.294
6035.000 0.333
6040.000 0.303
6045.000 0.408
6050.000 0.425
6055.000 0.350
6060.000 0.624
6065.000 0.557
6070.000 0.430
6075.000 0.735
6080.000 0.526
6085.000 0.475
6090.000 0.544
6095.000 0.862
6100.000 0.719
6105.000 0.648
6110.000 0.663
6115.000 0.793
6120.000 0.354
6125.000 0.592
6130.000 0.752
6135.000 0.656
6140.000 0.956
6145.000 0.566
6150.000 0.824
6155.000 0.761
6160.000 0.676
6165.000 0.576
6170.000 0.635
6175.000 0.859
6180.000 1.128
6185.000 0.460
6190.000 0.815
6195.000 0.581
6200.000 0.920
6205.000 1.037
6210.000 1.286
6215.000 0.863
6220.000 0.675
6225.000 0.675
6230.000 0.451
6235.000 0.920
6240.000 0.813
6245.000 0.755
6250.000 0.848
6255.000 1.156
6260.000 0.850
6265.000 0.766
6270.000 0.924
6275.000 0.925
6280.000 0.975
6285.000 0.609
6290.000 0.814
6295.000 0.697
6300.000 0.929
6305.000 0.961
6310.000 1.046
6315.000 3.214
6320.000 1.410
6325.000 1.144
6330.000 0.635
6335.000 0.795
6340.000 0.762
6345.000 0.457
6350.000 0.547
6355.000 2.506
6360.000 2.066
6365.000 3.589
6370.000 5.933
6375.000 0.652
6380.000 0.403
6385.000 0.640
6390.000 0.611
6395.000 0.581
6400.000 0.397
6405.000 0.589
6410.000 0.785
6415.000 0.989
6420.000 0.576
6425.000 0.762
6430.000 0.560
6435.000 0.566
6440.000 0.911
6445.000 0.802
6450.000 0.529
6455.000 0.580
6460.000 0.763
6465.000 0.678
6470.000 0.452
6475.000 0.621
6480.000 0.600
6485.000 0.734
6490.000 0.716
6495.000 0.496
6500.000 0.601
6505.000 0.431
6510.000 0.447
6515.000 0.393
6520.000 0.462
6525.000 0.713
6530.000 0.796
6535.000 0.567
6540.000 0.988
6545.000 0.716
6550.000 0.779
6555.000 0.871
6560.000 0.989
6565.000 2.653
6570.000 1.187
6575.000 0.893
6580.000 0.717
6585.000 0.656
6590.000 3.225
6595.000 1.566
6600.000 0.845
6605.000 0.466
6610.000 0.539
6615.000 0.390
6620.000 0.653
6625.000 0.467
6630.000 0.766
6635.000 0.594
6640.000 0.420
6645.000 0.592
6650.000 0.563
6655.000 0.694
6660.000 0.690
6665.000 0.947
6670.000 0.431
6675.000 0.676
6680.000 0.827
6685.000 0.811
6690.000 0.510
6695.000 0.908
6700.000 0.412
6705.000 0.947
6710.000 0.487
6715.000 0.715
6720.000 0.633
6725.000 0.847
6730.000 0.694
6735.000 0.871
6740.000 2.055
6745.000 1.558
6750.000 1.193
6755.000 1.106
6760.000 1.826
6765.000 1.139
6770.000 1.442
6775.000 0.769
6780.000 1.177
6785.000 0.796
6790.000 1.128
6795.000 0.740
6800.000 0.953
6805.000 1.296
6810.000 1.464
6815.000 0.753
6820.000 1.122
6825.000 1.418
6830.000 1.539
6835.000 1.130
6840.000 0.625
6845.000 0.747
6850.000 0.895
6855.000 0.627
6860.000 0.673
6865.000 0.598
6870.000 0.800
6875.000 0.394
6880.000 0.823
6885.000 0.709
6890.000 0.991
6895.000 0.775
6900.000 0.782
6905.000 0.714
6910.000 0.670
6915.000 1.153
6920.000 0.711
6925.000 0.875
6930.000 0.684
6935.000 0.857
6940.000 1.147
6945.000 0.524
6950.000 0.512
6955.000 0.915
6960.000 0.974
6965.000 0.788
6970.000 1.026
6975.000 0.971
6980.000 0.740
6985.000 0.871
6990.000 0.663
6995.000 0.852
7000.000 0.523
7005.000 1.028
7010.000 0.790
7015.000 0.784
7020.000 0.923
7025.000 0.765
7030.000 0.808
7035.000 1.118
7040.000 1.397
7045.000 1.202
7050.000 1.621
7055.000 1.658
7060.000 0.952
7065.000 1.048
7070.000 1.514
7075.000 0.863
7080.000 0.924
7085.000 0.940
7090.000 1.043
7095.000 0.742
7100.000 1.141
7105.000 0.830
7110.000 0.732
7115.000 0.633
7120.000 0.794
7125.000 0.895
7130.000 0.758
7135.000 0.899
7140.000 1.659
7145.000 1.838
7150.000 1.976
7155.000 1.345
7160.000 1.669
7165.000 4.136
7170.000 0.589
7175.000 0.303
7180.000 0.493
7185.000 0.394
7190.000 0.683
7195.000 0.566
7200.000 0.488
7205.000 0.350
7210.000 0.430
7215.000 0.524
7220.000 0.526
7225.000 0.469
7230.000 0.347
7235.000 0.530
7240.000 0.601
7245.000 0.528
7250.000 0.503
7255.000 0.745
7260.000 0.813
7265.000 0.835
7270.000 0.874
7275.000 0.760
7280.000 0.539
7285.000 0.594
7290.000 0.807
7295.000 0.744
7300.000 0.405
7305.000 1.330
7310.000 0.747
7315.000 0.858
7320.000 0.718
7325.000 1.342
7330.000 0.458
7335.000 0.734
7340.000 0.818
7345.000 0.834
7350.000 0.795
7355.000 0.886
7360.000 1.023
7365.000 1.028
7370.000 1.165
7375.000 1.160
7380.000 0.538
7385.000 1.111
7390.000 0.902
7395.000 1.710
7400.000 1.345
7405.000 1.040
7410.000 0.945
7415.000 1.068
7420.000 1.134
7425.000 0.549
7430.000 1.054
7435.000 0.804
7440.000 0.797
7445.000 0.998
7450.000 1.003
7455.000 0.944
7460.000 0.616
7465.000 0.674
7470.000 0.657
7475.000 0.792
7480.000 0.533
7485.000 1.528
7490.000 0.826
7495.000 0.504
7500.000 0.851
7505.000 0.626
7510.000 0.800
7515.000 1.030
7520.000 0.693
7525.000 0.642
7530.000 0.505
7535.000 0.626
7540.000 0.815
7545.000 1.048
7550.000 0.871
7555.000 1.052
7560.000 0.759
7565.000 0.994
7570.000 1.117
7575.000 0.374
7580.000 0.704
7585.000 1.553
7590.000 1.190
7595.000 0.889
7600.000 0.689
7605.000 0.669
7610.000 1.032
7615.000 1.124
7620.000 0.706
7625.000 1.055
7630.000 0.634
7635.000 1.511
7640.000 0.704
7645.000 1.163
7650.000 1.410
7655.000 1.083
7660.000 1.191
7665.000 0.636
7670.000 0.854
7675.000 0.751
7680.000 0.918
7685.000 0.855
7690.000 0.970
7695.000 0.577
7700.000 0.724
7705.000 0.668
7710.000 0.767
7715.000 0.581
7720.000 0.954
7725.000 0.569
7730.000 0.873
7735.000 0.845
7740.000 1.202
7745.000 1.174
7750.000 1.152
7755.000 0.553
7760.000 1.376
7765.000 0.807
7770.000 1.196
7775.000 1.101
7780.000 0.968
7785.000 0.783
7790.000 1.256
7795.000 0.546
7800.000 1.282
7805.000 0.834
7810.000 0.805
7815.000 0.937
7820.000 0.939
7825.000 1.184
7830.000 1.305
7835.000 0.990
7840.000 1.259
7845.000 1.492
7850.000 2.034
7855.000 1.230
7860.000 2.060
7865.000 0.889
7870.000 1.161
7875.000 1.400
7880.000 2.796
7885.000 2.812
7890.000 1.913
7895.000 1.332
7900.000 1.485
7905.000 1.341
7910.000 1.441
7915.000 1.607
7920.000 1.731
7925.000 1.852
7930.000 1.087
7935.000 1.214
7940.000 1.313
7945.000 1.502
7950.000 1.086
7955.000 2.006
7960.000 0.929
7965.000 1.755
7970.000 1.834
7975.000 1.421
7980.000 1.158
7985.000 0.926
7990.000 1.086
7995.000 0.640
8000.000 0.753
8005.000 1.327
8010.000 1.113
8015.000 0.800
8020.000 0.796
8025.000 1.440
8030.000 0.638
8035.000 0.927
8040.000 1.021
8045.000 1.024
8050.000 0.928
8055.000 0.445
8060.000 0.865
8065.000 1.049
8070.000 1.096
8075.000 1.021
8080.000 0.706
8085.000 1.294
8090.000 2.258
8095.000 1.697
8100.000 2.036
8105.000 0.813
8110.000 0.906
8115.000 1.220
8120.000 1.155
8125.000 1.256
8130.000 0.821
8135.000 0.669
8140.000 0.850
8145.000 0.849
8150.000 1.033
8155.000 1.259
8160.000 0.753
8165.000 1.024
8170.000 1.073
8175.000 0.901
8180.000 0.517
8185.000 1.084
8190.000 0.580
8195.000 0.514
8205.000 0.624
8210.000 0.244
8215.000 0.149
8220.000 0.364
8225.000 0.191
8230.000 0.378
8235.000 0.234
8240.000 0.264
8245.000 0.601
8250.000 0.554
8255.000 0.305
8260.000 1.329
8265.000 1.186
8270.000 1.328
8275.000 1.975
8280.000 1.502
8285.000 1.670
8290.000 2.802
8295.000 1.347
8300.000 1.819
8305.000 2.573
8310.000 1.950
8315.000 2.692
8320.000 2.050
8325.000 2.137
8330.000 1.646
8335.000 1.735
8340.000 2.514
8345.000 1.893
8350.000 1.742
8355.000 1.551
8365.000 1.446
8370.000 0.790
8375.000 0.928
8380.000 0.774
8385.000 0.869
8390.000 1.096
8395.000 1.302
8400.000 1.218
8405.000 0.478
8410.000 1.040
8415.000 0.775
8420.000 0.568
8425.000 0.601
8430.000 0.741
8435.000 0.830
8440.000 0.619
8450.000 0.579
8455.000 0.614
8460.000 0.953
8465.000 0.791
8470.000 1.117
8475.000 0.476
8480.000 0.829
8485.000 1.067
8490.000 0.918
8495.000 0.612
8500.000 0.556
8505.000 1.125
8510.000 0.850
8515.000 0.890
8520.000 0.424
8525.000 0.748
8530.000 0.691
8535.000 0.817
8540.000 0.850
8545.000 1.129
8550.000 1.356
8555.000 0.480
8560.000 0.636
8570.000 1.417
8575.000 0.893
8580.000 0.538
8585.000 0.554
8590.000 0.505
8595.000 0.468
8600.000 0.696
8605.000 0.511
8610.000 0.557
8615.000 0.457
8620.000 0.566
8625.000 0.475
8630.000 0.870
8635.000 0.530
8640.000 0.336
8645.000 0.527
8650.000 0.754
8655.000 0.462
8660.000 0.554
8665.000 0.558
8670.000 0.633
8675.000 0.607
8680.000 0.736
8685.000 0.517
8690.000 0.863
8695.000 0.622
8700.000 0.664
8705.000 0.749
8710.000 0.751
8715.000 0.443
8720.000 0.784
8725.000 0.899
8730.000 0.573
8735.000 0.858
8740.000 0.637
8745.000 0.966
8755.000 1.013
8765.000 1.177
8775.000 0.975
8785.000 0.529
8790.000 0.497
8795.000 1.041
8800.000 0.706
8805.000 0.887
8810.000 0.694
8815.000 0.563
8820.000 0.750
8825.000 0.793
8830.000 0.737
8835.000 0.694
8840.000 1.116
8845.000 0.655
8850.000 0.931
8855.000 0.982
8860.000 0.837
8865.000 0.878
8870.000 0.395
8875.000 0.562
8880.000 0.453
8885.000 0.711
8890.000 0.477
8895.000 0.347
8900.000 0.417
8905.000 0.516
8910.000 0.330
8915.000 0.833
8920.000 0.624
8925.000 0.744
8930.000 0.579
8935.000 0.880
8940.000 1.041
8945.000 0.605
8950.000 0.545
8955.000 0.711
8960.000 0.766
8965.000 0.561
8970.000 0.951
8975.000 0.665
8980.000 0.833
8985.000 0.605
8990.000 0.852
8995.000 0.861
9000.000 0.457
9005.000 0.933
9010.000 0.964
9015.000 0.807
9020.000 1.080
9025.000 1.061
9030.000 0.275
9035.000 0.446
9040.000 0.591
9045.000 0.622
9050.000 0.824
9055.000 0.275
9060.000 0.451
9065.000 0.890
9070.000 0.598
9075.000 0.770
9080.000 0.762
9085.000 0.492
9090.000 0.593
9095.000 0.730
9100.000 0.941
9105.000 0.642
9110.000 0.703
9115.000 0.752
9120.000 0.910
9125.000 0.709
9130.000 0.336
9135.000 0.918
9140.000 1.053
9145.000 0.696
9150.000 0.605
9155.000 1.025
9160.000 0.577
9165.000 1.071
9170.000 0.864
9175.000 0.778
9180.000 0.792
9185.000 1.072
9190.000 0.929
9195.000 0.893
9200.000 1.252
9205.000 0.746
9210.000 0.701
9215.000 0.667
9220.000 0.442
9225.000 0.634
9230.000 0.574
9235.000 0.589
9240.000 0.609
9245.000 0.483
9250.000 0.520
9255.000 0.529
9260.000 0.705
9265.000 0.406
9270.000 0.625
9275.000 1.029
9280.000 0.568
9285.000 0.542
9290.000 0.764
9295.000 0.654
9300.000 0.952
9305.000 0.730
9310.000 0.965
9315.000 0.663
9320.000 0.544
9325.000 0.611
9330.000 0.886
9335.000 0.608
9340.000 0.729
9345.000 0.810
9350.000 0.801
9355.000 0.875
9360.000 0.579
9365.000 1.036
9370.000 0.808
9375.000 0.535
9380.000 0.799
9385.000 0.861
9390.000 1.214
9395.000 0.621
9400.000 1.087
9405.000 1.642
9410.000 1.042
9415.000 0.625
9420.000 0.857
9425.000 0.677
9430.000 0.879
9435.000 0.928
9440.000 0.679
9445.000 0.840
9450.000 1.184
9455.000 0.761
9460.000 0.577
9465.000 0.591
9470.000 0.695
9475.000 0.777
9480.000 1.064
9485.000 0.985
9490.000 0.890
9495.000 0.614
9500.000 0.690
9505.000 0.681
9510.000 0.539
9515.000 0.711
9520.000 0.633
9525.000 0.580
9530.000 0.409
9535.000 0.532
9540.000 0.830
9545.000 0.471
9550.000 0.677
9555.000 0.405
9560.000 0.569
9565.000 0.524
9570.000 0.516
9575.000 0.598
9580.000 0.733
9585.000 0.712
9590.000 0.771
9595.000 0.714
9600.000 0.523
9605.000 0.793
9610.000 0.945
9615.000 1.024
9620.000 1.060
9625.000 0.803
9630.000 0.684
9635.000 0.941
9640.000 0.739
9645.000 1.063
9650.000 0.488
9655.000 0.996
9660.000 1.157
9665.000 1.048
9670.000 0.846
9675.000 0.806
9680.000 0.649
9685.000 0.429
9690.000 1.005
9695.000 1.168
9700.000 0.951
9705.000 0.945
9710.000 0.576
9715.000 0.607
9720.000 0.602
9725.000 0.621
9730.000 0.654
9735.000 0.567
9740.000 0.969
9745.000 0.961
9750.000 0.601
9755.000 0.798
9760.000 0.581
9765.000 0.606
9770.000 0.453
9775.000 0.631
9780.000 0.480
9785.000 0.469
9790.000 0.619
9795.000 0.570
9800.000 0.521
9805.000 0.714
9810.000 0.563
9815.000 0.446
9820.000 0.753
9825.000 0.718
9830.000 0.728
9835.000 0.514
9840.000 0.290
9845.000 0.547
9850.000 0.410
9855.000 0.607
9860.000 0.624
9865.000 0.664
9870.000 0.831
9875.000 0.915
9880.000 0.783
9885.000 0.591
9890.000 0.684
9895.000 0.862
9900.000 0.935
9905.000 0.510
9910.000 0.441
9915.000 0.680
9920.000 0.808
9925.000 0.860
9930.000 0.634
9935.000 0.668
9940.000 0.676
9945.000 0.939
9950.000 0.634
9955.000 0.496
9960.000 0.508
9965.000 0.635
9970.000 0.617
9975.000 0.780
9980.000 0.848
9985.000 0.931
9990.000 0.791
9995.000 0.434
10000.000 0.573
