105.000 4.156
110.000 3.158
115.000 6.077
120.000 6.058
125.000 6.680
130.000 5.130
135.000 6.872
140.000 9.877
145.000 12.814
150.000 14.242
155.000 6.453
160.000 9.326
165.000 7.326
170.000 7.311
175.000 4.215
180.000 7.719
185.000 4.809
190.000 3.872
195.000 11.074
200.000 26.076
205.000 25.040
210.000 25.496
215.000 5.910
220.000 3.374
225.000 4.853
230.000 6.666
235.000 4.918
240.000 6.462
245.000 7.618
250.000 6.684
255.000 4.211
260.000 8.347
265.000 8.277
270.000 5.143
275.000 7.245
280.000 2.941
285.000 3.584
290.000 5.108
295.000 5.874
300.000 2.606
305.000 4.286
310.000 3.936
315.000 3.856
320.000 3.163
325.000 4.599
330.000 4.009
335.000 3.649
340.000 4.163
345.000 2.480
350.000 5.598
355.000 2.705
360.000 2.815
365.000 4.330
370.000 3.716
375.000 3.902
380.000 4.294
385.000 2.907
390.000 2.994
395.000 2.979
400.000 5.053
405.000 3.475
410.000 2.971
415.000 1.739
420.000 2.893
425.000 2.286
430.000 2.796
435.000 3.453
440.000 2.482
445.000 3.715
450.000 7.254
455.000 19.434
460.000 26.972
465.000 39.977
470.000 23.050
475.000 6.316
480.000 0.000
485.000 0.000
490.000 0.000
495.000 0.000
500.000 0.000
505.000 0.000
510.000 15.072
515.000 6.654
520.000 1.784
525.000 0.309
530.000 8.976
535.000 0.585
540.000 0.000
545.000 0.000
550.000 0.043
555.000 0.000
560.000 0.000
565.000 0.198
570.000 1.810
575.000 1.624
580.000 1.288
585.000 1.536
590.000 1.686
595.000 1.444
600.000 2.354
605.000 2.361
610.000 2.256
615.000 2.227
620.000 3.118
625.000 2.910
630.000 3.040
635.000 2.140
640.000 1.785
645.000 1.955
650.000 2.161
655.000 1.769
660.000 3.141
665.000 2.014
670.000 1.313
675.000 1.860
680.000 2.167
685.000 2.564
690.000 2.890
695.000 1.724
700.000 3.946
705.000 2.981
710.000 1.856
715.000 2.092
720.000 3.228
725.000 2.292
730.000 2.870
735.000 1.506
740.000 1.871
745.000 1.796
750.000 2.761
755.000 1.873
760.000 2.555
765.000 1.982
770.000 1.728
775.000 2.215
780.000 2.090
785.000 1.644
790.000 1.970
795.000 1.695
800.000 2.131
805.000 1.530
810.000 2.875
815.000 1.969
820.000 2.837
825.000 1.233
830.000 1.602
835.000 1.554
840.000 2.449
845.000 1.630
850.000 1.812
855.000 1.648
860.000 1.610
865.000 1.122
870.000 2.859
875.000 2.907
880.000 2.922
885.000 2.779
890.000 1.900
895.000 1.593
900.000 2.009
905.000 1.862
910.000 1.813
915.000 1.334
920.000 2.102
925.000 2.025
930.000 1.654
935.000 0.923
940.000 2.035
945.000 1.825
950.000 3.177
955.000 3.026
960.000 1.390
965.000 2.084
970.000 1.243
975.000 2.146
980.000 2.252
985.000 1.910
990.000 1.757
995.000 2.437
1000.000 1.428
1005.000 1.806
1010.000 1.960
1015.000 2.918
1020.000 1.600
1025.000 1.199
1030.000 1.577
1035.000 1.919
1040.000 2.811
1045.000 2.088
1050.000 2.248
1055.000 1.924
1060.000 1.607
1065.000 1.762
1070.000 3.350
1075.000 2.017
1080.000 1.624
1085.000 2.176
1090.000 1.059
1095.000 1.417
1100.000 2.491
1105.000 1.733
1110.000 2.348
1115.000 1.256
1120.000 1.389
1125.000 1.391
1130.000 2.270
1135.000 2.830
1140.000 1.392
1145.000 2.380
1150.000 1.474
1155.000 1.017
1160.000 1.450
1165.000 1.785
1170.000 2.113
1175.000 2.267
1180.000 1.233
1185.000 0.976
1190.000 1.556
1195.000 1.763
1200.000 1.619
1205.000 2.565
1210.000 1.077
1215.000 1.435
1220.000 1.969
1225.000 2.058
1230.000 1.892
1235.000 1.382
1240.000 1.357
1245.000 2.002
1250.000 1.301
1255.000 1.949
1260.000 1.641
1265.000 1.869
1270.000 1.866
1275.000 3.319
1280.000 1.889
1285.000 1.492
1290.000 3.115
1295.000 1.116
1300.000 3.879
1305.000 2.300
1310.000 2.168
1315.000 1.212
1320.000 1.264
1325.000 1.778
1330.000 1.822
1335.000 2.062
1340.000 0.989
1345.000 1.227
1350.000 1.355
1355.000 1.828
1360.000 2.117
1365.000 2.525
1370.000 1.550
1375.000 1.083
1380.000 1.815
1385.000 1.423
1390.000 1.313
1395.000 2.623
1400.000 1.491
1405.000 1.506
1410.000 1.057
1415.000 1.453
1420.000 1.118
1425.000 1.647
1430.000 1.324
1435.000 1.996
1440.000 2.259
1445.000 1.227
1450.000 1.607
1455.000 3.192
1460.000 2.749
1465.000 2.370
1470.000 1.499
1475.000 1.398
1480.000 1.044
1485.000 2.232
1490.000 1.473
1495.000 1.096
1500.000 2.102
1505.000 1.139
1510.000 1.955
1515.000 1.588
1520.000 2.013
1525.000 1.931
1530.000 1.068
1535.000 1.071
1540.000 1.605
1545.000 1.688
1550.000 1.612
1555.000 1.893
1560.000 1.510
1565.000 1.565
1570.000 1.206
1575.000 1.904
1580.000 2.002
1585.000 1.801
1590.000 1.950
1595.000 1.524
1600.000 1.220
1605.000 1.421
1610.000 1.511
1615.000 2.644
1620.000 3.111
1625.000 2.552
1630.000 1.714
1635.000 1.413
1640.000 1.337
1645.000 1.194
1650.000 1.520
1655.000 1.514
1660.000 1.857
1665.000 1.224
1670.000 1.493
1675.000 1.172
1680.000 1.860
1685.000 1.772
1690.000 1.431
1695.000 1.508
1700.000 1.234
1705.000 1.627
1710.000 1.130
1715.000 1.178
1720.000 1.773
1725.000 1.319
1730.000 1.357
1735.000 1.268
1740.000 1.184
1745.000 2.028
1750.000 1.078
1755.000 1.478
1760.000 1.391
1765.000 1.400
1770.000 1.217
1775.000 2.107
1780.000 2.401
1785.000 1.919
1790.000 1.398
1795.000 1.395
1800.000 1.123
1805.000 1.221
1810.000 2.164
1815.000 1.447
1820.000 1.227
1825.000 0.929
1830.000 1.391
1835.000 1.229
1840.000 1.035
1845.000 1.345
1850.000 1.894
1855.000 0.924
1860.000 1.161
1865.000 0.856
1870.000 1.805
1875.000 1.345
1880.000 1.479
1885.000 1.100
1890.000 1.201
1895.000 0.600
1900.000 1.239
1905.000 1.239
1910.000 1.306
1915.000 1.506
1920.000 1.239
1925.000 1.501
1930.000 0.876
1935.000 0.813
1940.000 1.384
1945.000 1.680
1950.000 0.707
1955.000 2.498
1960.000 18.653
1965.000 29.519
1970.000 10.060
1975.000 0.000
1980.000 0.000
1985.000 0.000
1990.000 1.425
1995.000 2.136
2000.000 2.478
2005.000 0.026
2010.000 0.000
2015.000 0.000
2020.000 2.983
2025.000 2.989
2030.000 0.307
2035.000 0.369
2040.000 0.246
2045.000 0.688
2050.000 0.686
2055.000 0.391
2060.000 0.353
2065.000 1.076
2070.000 0.903
2075.000 0.795
2080.000 0.905
2085.000 0.618
2090.000 0.661
2095.000 1.200
2100.000 1.943
2105.000 2.213
2110.000 2.675
2115.000 3.620
2120.000 2.702
2125.000 2.502
2130.000 1.713
2135.000 1.054
2140.000 1.599
2145.000 1.020
2150.000 1.184
2155.000 1.837
2160.000 1.386
2165.000 1.332
2170.000 1.450
2175.000 1.088
2180.000 0.776
2185.000 1.249
2190.000 0.931
2195.000 1.612
2200.000 1.241
2205.000 1.232
2210.000 1.174
2215.000 0.589
2220.000 1.107
2225.000 1.460
2230.000 0.784
2235.000 1.127
2240.000 0.882
2245.000 0.942
2250.000 0.921
2255.000 1.376
2260.000 1.528
2265.000 1.141
2270.000 0.778
2275.000 0.889
2280.000 1.318
2285.000 1.128
2290.000 1.274
2295.000 2.134
2300.000 1.333
2305.000 1.202
2310.000 1.256
2315.000 1.066
2320.000 1.742
2325.000 1.798
2330.000 1.229
2335.000 0.867
2340.000 0.889
2345.000 1.105
2350.000 1.297
2355.000 1.412
2360.000 0.856
2365.000 0.698
2370.000 0.997
2375.000 0.859
2380.000 0.860
2385.000 1.084
2390.000 1.789
2395.000 2.023
2400.000 0.946
2405.000 0.515
2410.000 0.541
2415.000 1.148
2420.000 1.845
2425.000 1.363
2430.000 1.137
2435.000 1.379
2440.000 0.777
2445.000 1.129
2450.000 1.092
2455.000 1.082
2460.000 0.906
2465.000 0.895
2470.000 0.525
2475.000 9.546
2480.000 29.816
2485.000 41.198
2490.000 0.167
2495.000 0.000
2500.000 0.492
2505.000 0.460
2510.000 0.000
2515.000 0.003
2520.000 0.462
2525.000 4.047
2530.000 0.225
2535.000 0.267
2540.000 0.255
2545.000 0.389
2550.000 0.602
2555.000 0.443
2560.000 0.382
2565.000 0.316
2570.000 0.479
2575.000 0.551
2580.000 0.672
2585.000 0.466
2590.000 0.453
2595.000 0.463
2600.000 0.640
2605.000 0.872
2610.000 0.931
2615.000 0.799
2620.000 0.685
2625.000 0.279
2630.000 0.677
2635.000 0.675
2640.000 0.773
2645.000 0.786
2650.000 0.836
2655.000 0.506
2660.000 0.746
2665.000 0.818
2670.000 0.522
2675.000 0.947
2680.000 0.802
2685.000 0.758
2690.000 1.111
2695.000 0.577
2700.000 0.791
2705.000 0.821
2710.000 0.591
2715.000 1.171
2720.000 0.304
2725.000 0.621
2730.000 1.318
2735.000 1.086
2740.000 0.460
2745.000 0.549
2750.000 0.731
2755.000 0.898
2760.000 0.734
2765.000 0.822
2770.000 0.674
2775.000 1.254
2780.000 0.680
2785.000 1.021
2790.000 0.949
2795.000 0.619
2800.000 0.767
2805.000 0.781
2810.000 0.850
2815.000 1.211
2820.000 0.742
2825.000 0.663
2830.000 0.805
2835.000 1.259
2840.000 1.458
2845.000 1.082
2850.000 0.537
2855.000 0.764
2860.000 0.945
2865.000 0.794
2870.000 0.998
2875.000 0.720
2880.000 0.865
2885.000 0.810
2890.000 0.500
2895.000 1.156
2900.000 0.974
2905.000 0.737
2910.000 0.864
2915.000 0.849
2920.000 0.609
2925.000 0.756
2930.000 0.676
2935.000 1.022
2940.000 1.333
2945.000 0.460
2950.000 0.509
2955.000 0.831
2960.000 0.840
2965.000 1.053
2970.000 0.891
2975.000 0.782
2980.000 22.359
2985.000 32.071
2990.000 26.239
2995.000 0.204
3000.000 0.243
3005.000 0.763
3010.000 2.676
3015.000 0.098
3020.000 0.129
3025.000 0.186
3030.000 0.292
3035.000 0.353
3040.000 0.376
3045.000 0.283
3050.000 0.547
3055.000 0.521
3060.000 0.466
3065.000 0.429
3070.000 0.415
3075.000 0.605
3080.000 0.540
3085.000 0.614
3090.000 0.872
3095.000 0.799
3100.000 0.695
3105.000 0.482
3110.000 0.481
3115.000 0.518
3120.000 0.915
3125.000 1.000
3130.000 0.788
3135.000 0.786
3140.000 0.731
3145.000 0.574
3150.000 0.423
3155.000 0.747
3160.000 0.796
3165.000 0.883
3170.000 0.729
3175.000 0.432
3180.000 1.012
3185.000 1.166
3190.000 0.682
3195.000 0.902
3200.000 0.900
3205.000 0.616
3210.000 0.552
3215.000 1.169
3220.000 1.127
3225.000 0.942
3230.000 0.918
3235.000 0.878
3240.000 0.859
3245.000 1.032
3250.000 0.945
3255.000 1.256
3260.000 0.750
3265.000 0.809
3270.000 0.772
3275.000 0.810
3280.000 0.981
3285.000 0.813
3290.000 0.907
3295.000 0.663
3300.000 0.506
3305.000 0.841
3310.000 0.766
3315.000 1.382
3320.000 1.195
3325.000 0.810
3330.000 0.724
3335.000 0.574
3340.000 1.105
3345.000 1.143
3350.000 0.466
3355.000 0.953
3360.000 0.889
3365.000 0.855
3370.000 0.603
3375.000 0.727
3380.000 1.261
3385.000 0.849
3390.000 0.725
3395.000 0.675
3400.000 0.622
3405.000 0.784
3410.000 0.874
3415.000 0.592
3420.000 0.858
3425.000 0.577
3430.000 0.849
3435.000 0.979
3440.000 0.952
3445.000 0.761
3450.000 0.632
3455.000 0.358
3460.000 0.474
3465.000 0.714
3470.000 0.552
3475.000 0.632
3480.000 0.814
3485.000 0.808
3490.000 0.753
3495.000 0.701
3500.000 0.865
3505.000 0.890
3510.000 0.560
3515.000 0.678
3520.000 1.024
3525.000 0.878
3530.000 0.836
3535.000 0.803
3540.000 0.764
3545.000 0.733
3550.000 0.966
3555.000 0.905
3560.000 0.663
3565.000 0.850
3570.000 0.755
3575.000 1.249
3580.000 0.917
3585.000 0.668
3590.000 0.884
3595.000 1.198
3600.000 0.927
3605.000 0.794
3610.000 0.553
3615.000 0.704
3620.000 0.645
3625.000 0.655
3630.000 0.595
3635.000 0.449
3640.000 0.669
3645.000 0.776
3650.000 0.463
3655.000 0.532
3660.000 0.772
3665.000 0.732
3670.000 0.861
3675.000 0.935
3680.000 0.700
3685.000 0.744
3690.000 0.572
3695.000 0.677
3700.000 0.557
3705.000 0.510
3710.000 0.908
3715.000 0.694
3720.000 0.543
3725.000 0.583
3730.000 0.816
3735.000 0.736
3740.000 0.703
3745.000 0.462
3750.000 0.831
3755.000 0.676
3760.000 0.718
3765.000 0.359
3770.000 1.058
3775.000 0.849
3780.000 0.341
3785.000 0.650
3790.000 0.652
3795.000 0.767
3800.000 0.730
3805.000 0.490
3810.000 0.664
3815.000 0.538
3820.000 0.852
3825.000 0.633
3830.000 0.790
3835.000 0.636
3840.000 0.631
3845.000 0.552
3850.000 0.743
3855.000 0.811
3860.000 0.976
3865.000 0.539
3870.000 0.961
3875.000 0.558
3880.000 0.617
3885.000 0.730
3890.000 0.957
3895.000 0.871
3900.000 0.570
3905.000 0.652
3910.000 0.438
3915.000 0.983
3920.000 0.541
3925.000 0.689
3930.000 0.883
3935.000 0.556
3940.000 0.875
3945.000 0.508
3950.000 0.746
3955.000 1.259
3960.000 0.577
3965.000 0.583
3970.000 0.515
3975.000 0.760
3980.000 0.551
3985.000 0.532
3990.000 0.658
3995.000 0.795
4000.000 0.684
4005.000 0.666
4010.000 0.550
4015.000 0.792
4020.000 0.725
4025.000 0.452
4030.000 0.558
4035.000 0.455
4040.000 0.712
4045.000 1.238
4050.000 0.758
4055.000 0.879
4060.000 0.532
4065.000 0.819
4070.000 0.651
4075.000 0.843
4080.000 0.887
4085.000 0.588
4090.000 0.657
4095.000 0.748
4100.000 0.518
4105.000 0.494
4110.000 0.546
4115.000 0.780
4120.000 0.747
4125.000 0.759
4130.000 0.700
4135.000 0.497
4140.000 0.991
4145.000 0.925
4150.000 0.491
4155.000 0.704
4160.000 0.864
4165.000 0.313
4170.000 0.664
4175.000 1.072
4180.000 1.163
4185.000 0.830
4190.000 0.911
4195.000 1.001
4200.000 1.015
4205.000 0.604
4210.000 0.581
4215.000 0.710
4220.000 0.415
4225.000 0.671
4230.000 0.590
4235.000 0.388
4240.000 0.829
4245.000 0.581
4250.000 0.528
4255.000 0.727
4260.000 0.481
4265.000 0.629
4270.000 0.664
4275.000 0.702
4280.000 0.780
4285.000 0.608
4290.000 0.532
4295.000 0.765
4300.000 0.859
4305.000 0.693
4310.000 0.498
4315.000 0.379
4320.000 0.648
4325.000 0.789
4330.000 0.622
4335.000 0.520
4340.000 0.712
4345.000 0.478
4350.000 0.573
4355.000 0.485
4360.000 0.466
4365.000 0.697
4370.000 0.830
4375.000 1.558
4380.000 0.675
4385.000 0.990
4390.000 0.804
4395.000 0.775
4400.000 0.533
4405.000 0.542
4410.000 0.464
4415.000 0.347
4420.000 0.368
4425.000 0.370
4430.000 0.580
4435.000 0.382
4440.000 0.299
4445.000 0.404
4450.000 0.511
4455.000 0.653
4460.000 0.487
4465.000 1.113
4470.000 0.466
4475.000 0.473
4480.000 0.733
4485.000 0.681
4490.000 0.949
4495.000 0.368
4500.000 0.726
4505.000 0.670
4510.000 0.536
4515.000 0.703
4520.000 0.378
4525.000 0.703
4530.000 0.748
4535.000 0.616
4540.000 0.610
4545.000 0.652
4550.000 0.325
4555.000 0.659
4560.000 0.508
4565.000 0.674
4570.000 0.971
4575.000 0.463
4580.000 0.723
4585.000 0.522
4590.000 0.577
4595.000 0.948
4600.000 0.511
4605.000 0.560
4610.000 0.833
4615.000 0.630
4620.000 0.496
4625.000 0.482
4630.000 0.622
4635.000 0.741
4640.000 0.470
4645.000 0.561
4650.000 0.971
4655.000 0.624
4660.000 0.707
4665.000 0.629
4670.000 1.138
4675.000 0.662
4680.000 0.723
4685.000 0.758
4690.000 0.450
4695.000 0.677
4700.000 0.795
4705.000 0.613
4710.000 0.625
4715.000 0.416
4720.000 0.809
4725.000 0.699
4730.000 0.815
4735.000 0.541
4740.000 0.913
4745.000 0.436
4750.000 0.691
4755.000 0.528
4760.000 0.877
4765.000 0.769
4770.000 0.769
4775.000 0.967
4780.000 0.601
4785.000 0.935
4790.000 0.750
4795.000 0.953
4800.000 0.733
4805.000 0.699
4810.000 0.632
4815.000 0.561
4820.000 0.887
4825.000 1.163
4830.000 0.638
4835.000 0.691
4840.000 0.886
4845.000 0.700
4850.000 0.711
4855.000 0.834
4860.000 0.971
4865.000 0.761
4870.000 0.737
4875.000 0.393
4880.000 0.501
4885.000 0.730
4890.000 0.352
4895.000 0.478
4900.000 0.642
4905.000 0.952
4910.000 0.461
4915.000 0.609
4920.000 0.901
4925.000 0.799
4930.000 0.490
4935.000 0.706
4940.000 0.841
4945.000 0.788
4950.000 0.639
4955.000 3.342
4960.000 34.479
4965.000 38.230
4970.000 2.963
4975.000 0.227
4980.000 0.454
4985.000 1.258
4990.000 0.068
4995.000 0.116
5000.000 0.087
5005.000 0.201
5010.000 0.598
5015.000 0.365
5020.000 0.515
5025.000 0.590
5030.000 0.293
5035.000 0.357
5040.000 0.429
5045.000 0.690
5050.000 0.517
5055.000 1.095
5060.000 0.697
5065.000 0.659
5070.000 0.965
5075.000 0.748
5080.000 1.106
5085.000 0.925
5090.000 1.066
5095.000 0.691
5100.000 0.913
5105.000 0.903
5110.000 0.410
5115.000 0.788
5120.000 0.603
5125.000 0.660
5130.000 0.843
5135.000 0.642
5140.000 1.244
5145.000 0.787
5150.000 0.842
5155.000 1.127
5160.000 0.734
5165.000 0.576
5170.000 0.740
5175.000 0.441
5180.000 1.244
5185.000 0.907
5190.000 0.482
5195.000 0.875
5200.000 0.432
5205.000 0.534
5210.000 1.158
5215.000 1.224
5220.000 1.005
5225.000 0.858
5230.000 0.669
5235.000 0.538
5240.000 1.060
5245.000 0.616
5250.000 0.607
5255.000 0.731
5260.000 0.854
5265.000 0.872
5270.000 0.716
5275.000 0.497
5280.000 0.677
5285.000 1.086
5290.000 1.144
5295.000 0.696
5300.000 1.058
5305.000 0.801
5310.000 1.005
5315.000 1.139
5320.000 0.801
5325.000 0.576
5330.000 0.517
5335.000 0.862
5340.000 0.428
5345.000 0.597
5350.000 0.533
5355.000 0.522
5360.000 0.746
5365.000 0.581
5370.000 0.777
5375.000 0.830
5380.000 0.949
5385.000 0.666
5390.000 0.799
5395.000 0.564
5400.000 0.730
5405.000 0.940
5410.000 0.390
5415.000 0.468
5420.000 0.515
5425.000 0.468
5430.000 0.407
5435.000 0.518
5440.000 0.672
5445.000 0.838
5450.000 22.240
5455.000 9.616
5460.000 0.003
5465.000 0.262
5470.000 0.409
5475.000 0.280
5480.000 1.685
5485.000 2.156
5490.000 0.102
5495.000 0.163
5500.000 0.214
5505.000 0.285
5510.000 0.269
5515.000 0.160
5520.000 0.411
5525.000 0.628
5530.000 0.494
5535.000 0.387
5540.000 0.414
5545.000 0.209
5550.000 0.859
5555.000 0.480
5560.000 0.862
5565.000 0.604
5570.000 0.555
5575.000 0.684
5580.000 0.256
5585.000 0.554
5590.000 0.483
5595.000 0.641
5600.000 0.517
5605.000 0.475
5610.000 0.491
5615.000 0.480
5620.000 0.554
5625.000 0.761
5630.000 0.589
5635.000 0.447
5640.000 0.508
5645.000 0.745
5650.000 0.730
5655.000 2.127
5660.000 0.247
5665.000 0.283
5670.000 0.146
5675.000 0.291
5680.000 0.196
5685.000 0.215
5690.000 0.490
5695.000 0.383
5700.000 0.347
5705.000 0.397
5710.000 0.354
5715.000 0.570
5720.000 0.401
5725.000 0.527
5730.000 0.418
5735.000 0.445
5740.000 0.304
5745.000 0.502
5750.000 0.520
5755.000 0.517
5760.000 0.538
5765.000 0.512
5770.000 0.470
5775.000 0.570
5780.000 0.364
5785.000 0.649
5790.000 0.705
5795.000 0.552
5800.000 1.033
5805.000 0.866
5810.000 0.463
5815.000 0.420
5820.000 0.311
5825.000 0.564
5830.000 0.612
5835.000 0.524
5840.000 0.474
5845.000 0.626
5850.000 0.665
5855.000 0.641
5860.000 0.332
5865.000 0.438
5870.000 0.439
5875.000 0.426
5880.000 0.501
5885.000 0.770
5890.000 0.595
5895.000 0.477
5900.000 0.298
5905.000 0.644
5910.000 0.629
5915.000 0.409
5920.000 0.721
5925.000 0.487
5930.000 0.612
5935.000 0.581
5940.000 0.718
5945.000 0.798
5950.000 0.276
5955.000 6.653
5960.000 1.053
5965.000 0.504
5970.000 0.643
5975.000 0.735
5980.000 0.523
5985.000 0.513
5990.000 0.735
5995.000 0.614
6000.000 0.522
6005.000 0.617
6010.000 0.365
6015.000 0.422
6020.000 0.822
6025.000 0.742
6030.000 0.633
6035.000 0.479
6040.000 0.467
6045.000 0.509
6050.000 0.437
6055.000 0.832
6060.000 0.637
6065.000 0.677
6070.000 0.494
6075.000 0.455
6080.000 0.355
6085.000 0.525
6090.000 0.198
6095.000 0.615
6100.000 0.633
6105.000 0.568
6110.000 0.510
6115.000 0.750
6120.000 0.535
6125.000 0.394
6130.000 0.504
6135.000 0.705
6140.000 0.444
6145.000 0.562
6150.000 0.616
6155.000 1.051
6160.000 1.032
6165.000 0.987
6170.000 0.576
6175.000 0.739
6180.000 0.537
6185.000 0.636
6190.000 0.496
6195.000 0.672
6200.000 0.449
6205.000 0.524
6210.000 0.568
6215.000 0.480
6220.000 0.750
6225.000 0.447
6230.000 0.891
6235.000 0.778
6240.000 0.664
6245.000 0.574
6250.000 0.492
6255.000 0.318
6260.000 0.335
6265.000 0.714
6270.000 0.878
6275.000 0.707
6280.000 0.672
6285.000 0.482
6290.000 0.892
6295.000 0.939
6300.000 0.733
6305.000 0.475
6310.000 0.353
6315.000 0.411
6320.000 0.630
6325.000 0.369
6330.000 0.556
6335.000 0.530
6340.000 0.552
6345.000 0.466
6350.000 0.598
6355.000 0.641
6360.000 0.540
6365.000 0.477
6370.000 0.528
6375.000 0.572
6380.000 0.598
6385.000 0.586
6390.000 0.621
6395.000 0.565
6400.000 0.661
6405.000 0.932
6410.000 0.615
6415.000 0.760
6420.000 0.537
6425.000 0.699
6430.000 0.484
6435.000 0.935
6440.000 0.447
6445.000 0.345
6450.000 0.644
6455.000 0.451
6460.000 1.212
6465.000 0.693
6470.000 0.661
6475.000 0.420
6480.000 0.695
6485.000 0.896
6490.000 0.735
6495.000 0.543
6500.000 0.857
6505.000 0.713
6510.000 0.749
6515.000 0.656
6520.000 1.083
6525.000 0.613
6530.000 0.757
6535.000 0.976
6540.000 0.928
6545.000 0.563
6550.000 0.677
6555.000 0.884
6560.000 0.665
6565.000 0.502
6570.000 0.974
6575.000 0.816
6580.000 0.488
6585.000 0.530
6590.000 0.741
6595.000 0.736
6600.000 0.560
6605.000 0.439
6610.000 0.819
6615.000 0.624
6620.000 0.686
6625.000 0.717
6630.000 0.657
6635.000 1.093
6640.000 0.635
6645.000 0.583
6650.000 0.564
6655.000 0.572
6660.000 0.388
6665.000 0.463
6670.000 0.672
6675.000 0.436
6680.000 0.646
6685.000 0.904
6690.000 0.333
6695.000 0.538
6700.000 0.618
6705.000 0.629
6710.000 0.585
6715.000 0.418
6720.000 0.711
6725.000 0.488
6730.000 0.481
6735.000 0.528
6740.000 0.751
6745.000 0.971
6750.000 0.535
6755.000 0.906
6760.000 0.649
6765.000 0.782
6770.000 0.843
6775.000 0.362
6780.000 0.656
6785.000 0.781
6790.000 0.856
6795.000 0.486
6800.000 0.905
6805.000 0.595
6810.000 0.827
6815.000 0.718
6820.000 0.459
6825.000 0.477
6830.000 0.853
6835.000 0.574
6840.000 0.830
6845.000 0.760
6850.000 0.757
6855.000 0.554
6860.000 0.438
6865.000 0.568
6870.000 0.554
6875.000 0.675
6880.000 0.601
6885.000 0.666
6890.000 0.491
6895.000 0.837
6900.000 0.419
6905.000 0.743
6910.000 0.519
6915.000 0.497
6920.000 0.952
6925.000 0.639
6930.000 0.688
6935.000 0.915
6940.000 0.949
6945.000 0.538
6950.000 0.560
6955.000 0.544
6960.000 0.632
6965.000 0.618
6970.000 0.559
6975.000 0.488
6980.000 0.607
6985.000 0.484
6990.000 0.510
6995.000 0.582
7000.000 0.956
7005.000 0.885
7010.000 0.898
7015.000 1.201
7020.000 1.184
7025.000 0.926
7030.000 0.670
7035.000 0.927
7040.000 0.540
7045.000 0.621
7050.000 0.409
7055.000 0.740
7060.000 0.762
7065.000 0.817
7070.000 0.580
7075.000 0.539
7080.000 0.469
7085.000 0.685
7090.000 0.518
7095.000 0.584
7100.000 0.724
7105.000 0.544
7110.000 0.558
7115.000 0.412
7120.000 0.737
7125.000 0.745
7130.000 0.456
7135.000 0.558
7140.000 0.811
7145.000 0.673
7150.000 0.506
7155.000 0.516
7160.000 0.709
7165.000 0.728
7170.000 0.589
7175.000 0.616
7180.000 0.515
7185.000 1.156
7190.000 0.429
7195.000 0.568
7200.000 0.483
7205.000 0.603
7210.000 0.477
7215.000 0.832
7220.000 0.788
7225.000 0.574
7230.000 0.806
7235.000 0.731
7240.000 0.681
7245.000 0.489
7250.000 1.273
7255.000 0.963
7260.000 0.889
7265.000 0.933
7270.000 0.514
7275.000 0.948
7280.000 0.718
7285.000 0.917
7290.000 0.980
7295.000 1.207
7300.000 0.504
7305.000 0.621
7310.000 0.667
7315.000 0.989
7320.000 0.728
7325.000 0.992
7330.000 0.713
7335.000 1.076
7340.000 1.149
7345.000 0.961
7350.000 0.712
7355.000 1.033
7360.000 0.874
7365.000 0.587
7370.000 0.646
7375.000 1.064
7380.000 0.547
7385.000 1.149
7390.000 0.986
7395.000 0.709
7400.000 1.277
7405.000 0.974
7410.000 0.948
7415.000 1.112
7420.000 0.802
7425.000 0.777
7430.000 0.899
7435.000 0.885
7440.000 0.896
7445.000 1.441
7450.000 0.838
7455.000 0.337
7460.000 0.898
7465.000 1.006
7470.000 1.108
7475.000 1.030
7480.000 0.480
7485.000 0.612
7490.000 0.686
7495.000 1.083
7500.000 0.893
7505.000 0.680
7510.000 0.784
7515.000 0.911
7520.000 0.877
7525.000 0.650
7530.000 0.717
7535.000 0.970
7540.000 0.853
7545.000 0.614
7550.000 0.832
7555.000 0.597
7560.000 0.688
7565.000 0.719
7570.000 1.398
7575.000 1.330
7580.000 1.228
7585.000 0.865
7590.000 1.006
7595.000 0.549
7600.000 0.717
7605.000 0.927
7610.000 0.638
7615.000 0.869
7620.000 0.888
7625.000 0.978
7630.000 1.149
7635.000 0.384
7640.000 1.010
7645.000 1.064
7650.000 0.556
7655.000 0.612
7660.000 0.602
7665.000 0.461
7670.000 1.092
7675.000 1.139
7680.000 0.873
7685.000 0.623
7690.000 0.647
7695.000 0.878
7700.000 0.528
7705.000 0.743
7710.000 0.594
7715.000 0.968
7720.000 0.702
7725.000 0.670
7730.000 0.928
7735.000 0.946
7740.000 0.799
7745.000 0.853
7750.000 0.802
7755.000 0.583
7760.000 1.101
7765.000 1.421
7770.000 1.020
7775.000 0.752
7780.000 0.863
7785.000 1.102
7790.000 0.491
7795.000 1.615
7800.000 0.572
7805.000 0.820
7810.000 0.985
7815.000 0.686
7820.000 0.615
7825.000 1.027
7830.000 1.119
7835.000 0.929
7840.000 0.711
7845.000 0.567
7850.000 0.562
7855.000 0.856
7860.000 1.202
7865.000 1.549
7870.000 1.283
7875.000 0.910
7880.000 1.417
7885.000 0.979
7890.000 0.628
7895.000 0.905
7900.000 0.785
7905.000 0.806
7910.000 1.121
7915.000 0.989
7920.000 1.915
7925.000 1.686
7930.000 0.943
7935.000 1.082
7940.000 0.998
7945.000 0.919
7950.000 1.166
7955.000 0.808
7960.000 0.438
7965.000 0.950
7970.000 0.766
7975.000 0.987
7980.000 0.862
7985.000 0.827
7990.000 0.849
7995.000 1.083
8000.000 0.778
8005.000 0.924
8010.000 0.526
8015.000 0.627
8020.000 0.990
8025.000 1.374
8030.000 0.599
8035.000 0.748
8040.000 1.159
8045.000 1.208
8050.000 1.101
8055.000 0.804
8060.000 1.155
8065.000 1.539
8070.000 0.801
8075.000 1.163
8080.000 0.892
8085.000 0.874
8090.000 0.772
8095.000 1.158
8100.000 0.713
8105.000 0.958
8110.000 0.978
8115.000 1.404
8120.000 0.593
8125.000 0.680
8130.000 1.379
8135.000 1.253
8140.000 1.029
8145.000 0.977
8150.000 1.079
8155.000 1.475
8160.000 0.764
8165.000 0.803
8170.000 0.812
8175.000 0.814
8180.000 1.317
8185.000 1.134
8190.000 0.488
8195.000 0.764
8200.000 0.827
8205.000 0.804
8210.000 0.529
8215.000 1.319
8220.000 0.974
8225.000 0.988
8230.000 1.129
8235.000 1.046
8240.000 0.530
8245.000 1.029
8250.000 1.039
8255.000 0.790
8260.000 0.643
8265.000 1.239
8270.000 0.721
8275.000 0.858
8280.000 0.744
8285.000 0.638
8290.000 1.290
8295.000 0.658
8300.000 0.781
8305.000 1.005
8310.000 1.722
8315.000 1.992
8320.000 1.174
8325.000 1.666
8330.000 1.626
8335.000 1.258
8340.000 1.425
8345.000 0.970
8350.000 1.061
8355.000 0.812
8360.000 0.828
8365.000 1.172
8370.000 0.528
8375.000 0.831
8380.000 0.509
8385.000 0.856
8390.000 0.775
8395.000 1.288
8400.000 1.281
8405.000 1.132
8410.000 0.802
8415.000 0.747
8420.000 1.525
8425.000 1.089
8430.000 1.049
8435.000 1.128
8440.000 1.474
8445.000 1.273
8450.000 1.299
8455.000 0.937
8460.000 1.733
8465.000 1.698
8470.000 1.206
8475.000 1.146
8480.000 1.127
8485.000 1.122
8490.000 0.967
8495.000 0.858
8500.000 0.684
8505.000 0.623
8510.000 0.687
8515.000 0.668
8520.000 0.709
8525.000 1.206
8530.000 1.207
8535.000 0.788
8540.000 0.830
8545.000 0.662
8550.000 1.007
8555.000 0.855
8560.000 0.820
8565.000 0.572
8570.000 0.709
8575.000 0.543
8580.000 0.693
8585.000 1.310
8590.000 0.953
8595.000 0.756
8600.000 1.444
8605.000 0.980
8610.000 0.584
8615.000 1.000
8620.000 0.826
8625.000 0.547
8630.000 0.505
8635.000 0.433
8640.000 0.604
8645.000 0.368
8650.000 0.694
8655.000 0.659
8660.000 0.592
8665.000 0.569
8670.000 0.763
8675.000 0.951
8680.000 1.195
8685.000 0.770
8690.000 0.919
8695.000 0.518
8700.000 0.910
8705.000 0.628
8710.000 0.751
8715.000 0.397
8720.000 1.204
8725.000 1.195
8730.000 0.729
8735.000 0.856
8740.000 0.845
8745.000 0.636
8750.000 0.935
8755.000 0.646
8760.000 1.171
8765.000 0.754
8770.000 0.880
8775.000 0.798
8780.000 0.761
8785.000 0.881
8790.000 0.840
8795.000 0.625
8800.000 0.450
8805.000 0.625
8810.000 1.087
8820.000 0.690
8825.000 1.950
8830.000 1.950
8835.000 2.021
8840.000 1.915
8845.000 0.550
8850.000 0.826
8855.000 0.579
8860.000 0.849
8865.000 0.873
8870.000 0.842
8875.000 0.721
8880.000 0.599
8885.000 0.695
8890.000 0.560
8895.000 0.570
8900.000 0.971
8905.000 0.633
8910.000 0.687
8915.000 0.635
8920.000 0.580
8925.000 0.646
8930.000 0.417
8935.000 0.640
8940.000 0.768
8945.000 0.429
8950.000 0.505
8955.000 0.815
8960.000 0.517
8965.000 0.390
8970.000 0.600
8975.000 0.619
8980.000 0.780
8985.000 0.856
8990.000 0.466
8995.000 0.616
9000.000 0.669
9005.000 0.542
9010.000 0.717
9015.000 0.570
9020.000 0.637
9025.000 0.714
9030.000 0.528
9035.000 0.760
9040.000 0.760
9045.000 0.901
9050.000 0.850
9055.000 0.829
9060.000 0.816
9065.000 1.001
9070.000 0.792
9075.000 0.571
9080.000 0.695
9085.000 0.681
9090.000 0.814
9095.000 1.030
9100.000 0.660
9105.000 0.822
9110.000 0.721
9115.000 0.928
9120.000 0.682
9125.000 0.675
9130.000 0.931
9135.000 0.914
9140.000 0.796
9145.000 0.299
9150.000 0.725
9155.000 0.628
9160.000 0.593
9165.000 0.335
9170.000 0.962
9175.000 1.204
9180.000 0.736
9185.000 0.367
9190.000 0.967
9195.000 0.868
9200.000 1.979
9205.000 0.542
9210.000 0.723
9215.000 0.666
9220.000 0.653
9225.000 0.694
9230.000 0.663
9235.000 0.638
9240.000 0.661
9245.000 0.558
9250.000 0.840
9255.000 0.907
9260.000 1.087
9265.000 0.565
9270.000 0.550
9275.000 0.518
9280.000 0.460
9285.000 0.598
9290.000 0.790
9295.000 0.831
9300.000 0.887
9305.000 0.704
9310.000 0.651
9315.000 0.544
9320.000 0.709
9325.000 0.705
9330.000 0.745
9335.000 0.631
9340.000 0.417
9345.000 0.783
9350.000 0.623
9355.000 0.715
9360.000 0.632
9365.000 1.351
9370.000 0.970
9375.000 0.947
9380.000 1.128
9385.000 0.776
9390.000 0.343
9395.000 0.969
9400.000 0.876
9405.000 1.212
9410.000 0.704
9415.000 0.695
9420.000 0.711
9425.000 0.638
9430.000 0.784
9435.000 0.843
9440.000 1.018
9445.000 0.644
9450.000 0.872
9455.000 1.154
9460.000 1.071
9465.000 0.871
9470.000 0.532
9475.000 0.729
9480.000 0.829
9485.000 0.538
9490.000 1.110
9495.000 0.869
9500.000 0.562
9505.000 0.859
9510.000 0.599
9515.000 0.412
9520.000 0.880
9525.000 0.730
9530.000 0.735
9535.000 0.527
9540.000 0.405
9545.000 1.113
9550.000 0.775
9555.000 0.872
9560.000 0.648
9565.000 0.653
9570.000 0.686
9575.000 0.762
9580.000 0.997
9585.000 0.481
9590.000 0.714
9595.000 0.680
9600.000 0.903
9605.000 0.731
9610.000 0.519
9615.000 0.665
9620.000 0.814
9625.000 0.726
9630.000 0.969
9635.000 0.753
9640.000 0.785
9645.000 1.248
9650.000 0.883
9655.000 0.713
9660.000 0.951
9665.000 0.905
9670.000 0.648
9675.000 0.767
9680.000 0.945
9685.000 1.028
9690.000 0.617
9695.000 0.852
9700.000 0.876
9705.000 0.643
9710.000 1.261
9715.000 0.754
9720.000 0.798
9725.000 0.902
9730.000 0.606
9735.000 0.694
9740.000 0.599
9745.000 0.615
9750.000 0.853
9755.000 0.912
9760.000 0.715
9765.000 0.578
9770.000 0.838
9775.000 0.763
9780.000 0.731
9785.000 0.699
9790.000 0.786
9795.000 0.634
9800.000 0.663
9805.000 0.768
9810.000 0.560
9815.000 0.595
9820.000 0.623
9825.000 0.420
9830.000 0.365
9835.000 0.685
9840.000 0.583
9845.000 0.819
9850.000 0.847
9855.000 0.679
9860.000 0.592
9865.000 0.899
9870.000 0.815
9875.000 0.736
9880.000 0.411
9885.000 0.615
9890.000 0.563
9895.000 0.837
9900.000 0.468
9905.000 0.468
9910.000 0.815
9915.000 0.757
9920.000 0.859
9925.000 0.694
9930.000 0.798
9935.000 0.741
9940.000 0.550
9945.000 0.469
9950.000 0.415
9955.000 1.069
9960.000 0.847
9965.000 0.423
9970.000 0.906
9975.000 0.646
9980.000 0.733
9985.000 0.519
9990.000 0.806
9995.000 0.872
10000.000 1.009
