105.000 5.888
110.000 4.810
115.000 3.053
120.000 3.948
125.000 3.592
130.000 4.954
135.000 5.650
140.000 4.784
145.000 6.138
150.000 3.723
155.000 3.051
160.000 4.170
165.000 2.549
170.000 4.766
175.000 3.241
180.000 3.800
185.000 3.676
190.000 4.663
195.000 9.484
200.000 4.314
205.000 6.295
210.000 6.502
215.000 2.636
220.000 4.240
225.000 9.677
230.000 9.008
235.000 9.124
240.000 5.288
245.000 3.215
250.000 4.717
255.000 3.440
260.000 3.134
265.000 6.439
270.000 5.187
275.000 7.158
280.000 5.239
285.000 3.130
290.000 3.390
295.000 3.632
300.000 4.252
305.000 2.760
310.000 4.481
315.000 5.150
320.000 4.980
325.000 3.919
330.000 4.669
335.000 3.704
340.000 3.009
345.000 6.013
350.000 3.679
355.000 3.878
360.000 4.998
365.000 1.620
370.000 2.261
375.000 1.719
380.000 3.132
385.000 3.297
390.000 3.221
395.000 4.519
400.000 2.410
405.000 21.839
410.000 33.263
415.000 20.767
420.000 0.000
425.000 0.000
430.000 0.000
435.000 0.000
440.000 0.000
445.000 11.356
450.000 0.011
455.000 1.592
460.000 0.019
465.000 0.309
470.000 0.287
475.000 0.223
480.000 0.286
485.000 0.001
490.000 0.006
495.000 0.001
500.000 0.000
505.000 0.000
510.000 0.412
515.000 2.031
520.000 4.173
525.000 2.887
530.000 2.510
535.000 2.176
540.000 2.386
545.000 3.115
550.000 2.869
555.000 1.930
560.000 2.300
565.000 3.174
570.000 2.178
575.000 2.166
580.000 3.705
585.000 3.247
590.000 2.810
595.000 2.564
600.000 3.291
605.000 2.482
610.000 3.933
615.000 3.620
620.000 3.876
625.000 2.334
630.000 2.365
635.000 2.333
640.000 2.729
645.000 3.613
650.000 2.373
655.000 1.939
660.000 2.195
665.000 2.132
670.000 3.048
675.000 2.958
680.000 2.595
685.000 3.411
690.000 2.110
695.000 3.157
700.000 2.125
705.000 3.113
710.000 3.010
715.000 3.249
720.000 2.871
725.000 1.924
730.000 2.123
735.000 1.998
740.000 2.694
745.000 3.781
750.000 3.483
755.000 1.970
760.000 2.476
765.000 1.592
770.000 3.108
775.000 2.951
780.000 2.093
785.000 2.640
790.000 1.473
795.000 2.001
800.000 1.901
805.000 2.523
810.000 1.985
815.000 2.161
820.000 2.514
825.000 2.560
830.000 2.659
835.000 2.334
840.000 2.242
845.000 1.869
850.000 1.725
855.000 1.601
860.000 1.780
865.000 2.155
870.000 2.145
875.000 1.362
880.000 1.773
885.000 2.137
890.000 1.475
895.000 1.322
900.000 2.168
905.000 2.366
910.000 1.741
915.000 1.582
920.000 1.838
925.000 1.715
930.000 2.312
935.000 1.654
940.000 2.131
945.000 1.711
950.000 1.743
955.000 2.089
960.000 2.076
965.000 1.620
970.000 1.859
975.000 1.582
980.000 1.621
985.000 1.527
990.000 2.469
995.000 2.676
1000.000 2.317
1005.000 2.823
1010.000 1.690
1015.000 2.005
1020.000 2.235
1025.000 2.289
1030.000 1.769
1035.000 2.590
1040.000 2.151
1045.000 0.971
1050.000 2.129
1055.000 1.785
1060.000 2.818
1065.000 1.664
1070.000 1.194
1075.000 1.344
1080.000 1.676
1085.000 2.512
1090.000 2.182
1095.000 2.004
1100.000 1.666
1105.000 2.036
1110.000 1.217
1115.000 1.856
1120.000 2.962
1125.000 2.267
1130.000 1.745
1135.000 2.290
1140.000 1.298
1145.000 1.831
1150.000 2.533
1155.000 1.736
1160.000 2.829
1165.000 2.925
1170.000 2.434
1175.000 1.523
1180.000 1.454
1185.000 2.188
1190.000 2.752
1195.000 1.294
1200.000 1.573
1205.000 0.809
1210.000 1.949
1215.000 2.004
1220.000 1.798
1225.000 1.535
1230.000 0.937
1235.000 1.399
1240.000 1.709
1245.000 1.759
1250.000 2.618
1255.000 1.455
1260.000 1.195
1265.000 0.999
1270.000 1.482
1275.000 1.322
1280.000 1.768
1285.000 2.057
1290.000 0.956
1295.000 0.750
1300.000 1.288
1305.000 1.422
1310.000 2.582
1315.000 1.308
1320.000 2.478
1325.000 1.380
1330.000 1.191
1335.000 1.430
1340.000 1.789
1345.000 1.659
1350.000 1.510
1355.000 1.642
1360.000 1.483
1365.000 1.510
1370.000 1.197
1375.000 1.510
1380.000 1.251
1385.000 2.184
1390.000 1.587
1395.000 1.308
1400.000 0.712
1405.000 2.124
1410.000 2.122
1415.000 1.647
1420.000 1.329
1425.000 1.222
1430.000 1.065
1435.000 1.345
1440.000 1.803
1445.000 1.787
1450.000 0.702
1455.000 1.257
1460.000 0.759
1465.000 1.428
1470.000 1.963
1475.000 2.087
1480.000 2.147
1485.000 1.365
1490.000 1.001
1495.000 1.772
1500.000 1.960
1505.000 2.193
1510.000 1.850
1515.000 1.249
1520.000 0.939
1525.000 1.345
1530.000 1.914
1535.000 1.902
1540.000 1.568
1545.000 1.461
1550.000 0.781
1555.000 2.024
1560.000 1.443
1565.000 1.469
1570.000 1.151
1575.000 1.620
1580.000 1.191
1585.000 0.730
1590.000 1.326
1595.000 1.511
1600.000 1.701
1605.000 1.398
1610.000 1.150
1615.000 0.970
1620.000 1.624
1625.000 1.352
1630.000 1.376
1635.000 2.219
1640.000 1.373
1645.000 0.876
1650.000 1.414
1655.000 2.106
1660.000 1.872
1665.000 1.101
1670.000 1.818
1675.000 1.349
1680.000 1.428
1685.000 1.695
1690.000 1.126
1695.000 2.594
1700.000 2.286
1705.000 1.050
1710.000 2.110
1715.000 0.934
1720.000 2.923
1725.000 28.807
1730.000 0.022
1735.000 0.000
1740.000 0.000
1745.000 0.473
1750.000 0.000
1755.000 0.000
1760.000 0.000
1765.000 2.290
1770.000 0.424
1775.000 0.353
1780.000 0.550
1785.000 0.635
1790.000 0.559
1795.000 1.047
1800.000 1.171
1805.000 0.730
1810.000 0.732
1815.000 0.983
1820.000 0.971
1825.000 0.699
1830.000 1.537
1835.000 1.464
1840.000 0.721
1845.000 0.746
1850.000 1.206
1855.000 1.525
1860.000 1.379
1865.000 1.540
1870.000 0.919
1875.000 0.874
1880.000 1.615
1885.000 10.064
1890.000 2.610
1895.000 1.148
1900.000 1.265
1905.000 1.343
1910.000 0.855
1915.000 0.745
1920.000 0.535
1925.000 0.583
1930.000 0.951
1935.000 0.751
1940.000 0.930
1945.000 0.620
1950.000 1.115
1955.000 0.927
1960.000 0.999
1965.000 0.804
1970.000 0.764
1975.000 0.766
1980.000 1.287
1985.000 0.823
1990.000 0.692
1995.000 1.013
2000.000 0.696
2005.000 0.688
2010.000 1.048
2015.000 0.982
2020.000 1.334
2025.000 1.464
2030.000 0.779
2035.000 0.892
2040.000 1.211
2045.000 1.015
2050.000 1.409
2055.000 0.876
2060.000 0.898
2065.000 1.058
2070.000 0.653
2075.000 0.703
2080.000 1.095
2085.000 1.325
2090.000 1.426
2095.000 1.155
2100.000 0.988
2105.000 1.192
2110.000 1.327
2115.000 2.153
2120.000 1.433
2125.000 1.852
2130.000 1.053
2135.000 0.926
2140.000 1.207
2145.000 1.850
2150.000 1.983
2155.000 0.730
2160.000 20.120
2165.000 29.831
2170.000 40.644
2175.000 5.935
2180.000 0.000
2185.000 0.862
2190.000 0.701
2195.000 0.671
2200.000 0.000
2205.000 0.000
2210.000 1.986
2215.000 1.032
2220.000 0.243
2225.000 0.222
2230.000 0.254
2235.000 0.458
2240.000 0.644
2245.000 0.677
2250.000 0.703
2255.000 0.434
2260.000 0.570
2265.000 0.666
2270.000 1.024
2275.000 1.399
2280.000 0.924
2285.000 0.841
2290.000 0.782
2295.000 0.678
2300.000 1.244
2305.000 1.747
2310.000 0.921
2315.000 0.777
2320.000 0.732
2325.000 0.804
2330.000 1.053
2335.000 1.252
2340.000 1.182
2345.000 1.030
2350.000 0.987
2355.000 0.744
2360.000 1.315
2365.000 1.498
2370.000 1.496
2375.000 1.030
2380.000 0.792
2385.000 1.159
2390.000 0.887
2395.000 1.703
2400.000 1.481
2405.000 1.715
2410.000 1.214
2415.000 0.997
2420.000 0.853
2425.000 1.280
2430.000 0.721
2435.000 1.445
2440.000 1.244
2445.000 0.864
2450.000 0.909
2455.000 0.830
2460.000 1.326
2465.000 1.376
2470.000 1.181
2475.000 1.208
2480.000 0.728
2485.000 0.482
2490.000 0.735
2495.000 1.076
2500.000 0.889
2505.000 0.790
2510.000 0.907
2515.000 0.800
2520.000 0.765
2525.000 1.184
2530.000 1.150
2535.000 1.288
2540.000 0.779
2545.000 0.949
2550.000 0.761
2555.000 1.323
2560.000 1.350
2565.000 0.710
2570.000 0.487
2575.000 0.697
2580.000 0.623
2585.000 0.683
2590.000 0.825
2595.000 0.584
2600.000 1.154
2605.000 2.005
2610.000 35.714
2615.000 11.035
2620.000 0.000
2625.000 0.212
2630.000 0.000
2635.000 0.090
2640.000 1.841
2645.000 0.118
2650.000 0.156
2655.000 0.175
2660.000 0.281
2665.000 0.316
2670.000 0.341
2675.000 0.360
2680.000 0.228
2685.000 0.414
2690.000 0.494
2695.000 0.453
2700.000 0.469
2705.000 0.652
2710.000 0.530
2715.000 0.676
2720.000 0.862
2725.000 0.582
2730.000 0.706
2735.000 0.499
2740.000 0.642
2745.000 1.216
2750.000 1.188
2755.000 0.755
2760.000 0.703
2765.000 0.851
2770.000 0.568
2775.000 0.785
2780.000 0.983
2785.000 0.791
2790.000 0.939
2795.000 0.749
2800.000 0.735
2805.000 0.603
2810.000 0.928
2815.000 0.831
2820.000 1.031
2825.000 1.031
2830.000 1.400
2835.000 0.597
2840.000 0.655
2845.000 1.048
2850.000 0.748
2855.000 1.475
2860.000 0.792
2865.000 0.933
2870.000 0.584
2875.000 0.743
2880.000 0.979
2885.000 0.856
2890.000 1.234
2895.000 0.701
2900.000 0.755
2905.000 0.700
2910.000 1.980
2915.000 1.961
2920.000 1.606
2925.000 0.909
2930.000 0.936
2935.000 0.678
2940.000 0.868
2945.000 1.349
2950.000 1.166
2955.000 0.897
2960.000 0.617
2965.000 0.560
2970.000 0.400
2975.000 1.219
2980.000 1.061
2985.000 1.188
2990.000 0.573
2995.000 0.687
3000.000 0.493
3005.000 1.052
3010.000 0.823
3015.000 1.012
3020.000 1.035
3025.000 0.662
3030.000 0.845
3035.000 1.214
3040.000 0.904
3045.000 6.149
3050.000 21.266
3055.000 11.572
3060.000 0.596
3065.000 1.021
3070.000 0.540
3075.000 0.587
3080.000 1.028
3085.000 0.539
3090.000 0.573
3095.000 0.963
3100.000 1.052
3105.000 0.834
3110.000 0.890
3115.000 0.656
3120.000 0.793
3125.000 0.470
3130.000 0.877
3135.000 1.209
3140.000 0.701
3145.000 0.527
3150.000 0.569
3155.000 0.485
3160.000 1.093
3165.000 0.767
3170.000 0.909
3175.000 1.079
3180.000 1.376
3185.000 0.448
3190.000 0.534
3195.000 0.805
3200.000 1.075
3205.000 0.917
3210.000 1.064
3215.000 0.859
3220.000 0.811
3225.000 1.284
3230.000 0.566
3235.000 0.586
3240.000 0.933
3245.000 0.829
3250.000 0.822
3255.000 0.796
3260.000 0.902
3265.000 1.266
3270.000 0.713
3275.000 1.204
3280.000 0.885
3285.000 0.737
3290.000 1.004
3295.000 1.182
3300.000 0.886
3305.000 0.982
3310.000 0.911
3315.000 0.703
3320.000 0.737
3325.000 0.806
3330.000 1.211
3335.000 0.985
3340.000 0.866
3345.000 1.124
3350.000 0.737
3355.000 1.102
3360.000 1.031
3365.000 0.867
3370.000 0.750
3375.000 0.538
3380.000 0.603
3385.000 0.788
3390.000 0.929
3395.000 0.907
3400.000 0.715
3405.000 0.560
3410.000 0.664
3415.000 0.815
3420.000 0.655
3425.000 1.080
3430.000 1.104
3435.000 0.625
3440.000 0.513
3445.000 0.693
3450.000 0.786
3455.000 0.530
3460.000 0.741
3465.000 0.737
3470.000 0.854
3475.000 0.864
3480.000 0.890
3485.000 0.609
3490.000 0.580
3495.000 0.601
3500.000 0.822
3505.000 0.769
3510.000 0.669
3515.000 1.130
3520.000 0.619
3525.000 0.526
3530.000 0.808
3535.000 0.679
3540.000 0.844
3545.000 0.640
3550.000 0.874
3555.000 0.750
3560.000 1.062
3565.000 0.696
3570.000 0.548
3575.000 0.717
3580.000 0.666
3585.000 0.653
3590.000 0.686
3595.000 0.841
3600.000 0.477
3605.000 0.928
3610.000 0.733
3615.000 0.891
3620.000 0.922
3625.000 0.537
3630.000 1.108
3635.000 0.792
3640.000 0.844
3645.000 0.482
3650.000 0.852
3655.000 0.589
3660.000 0.380
3665.000 0.693
3670.000 0.672
3675.000 0.543
3680.000 0.468
3685.000 0.536
3690.000 0.525
3695.000 0.648
3700.000 0.931
3705.000 0.582
3710.000 0.476
3715.000 0.681
3720.000 0.617
3725.000 0.919
3730.000 0.440
3735.000 0.620
3740.000 0.849
3745.000 0.712
3750.000 0.825
3755.000 0.857
3760.000 0.698
3765.000 0.895
3770.000 1.085
3775.000 0.748
3780.000 0.570
3785.000 0.606
3790.000 0.770
3795.000 0.524
3800.000 0.374
3805.000 0.588
3810.000 0.670
3815.000 0.684
3820.000 0.468
3825.000 0.623
3830.000 0.371
3835.000 0.692
3840.000 0.735
3845.000 0.513
3850.000 0.565
3855.000 0.445
3860.000 0.583
3865.000 0.428
3870.000 0.928
3875.000 0.696
3880.000 0.393
3885.000 0.365
3890.000 0.494
3895.000 0.781
3900.000 0.811
3905.000 1.131
3910.000 0.815
3915.000 0.762
3920.000 0.676
3925.000 0.518
3930.000 0.641
3935.000 0.882
3940.000 0.962
3945.000 0.826
3950.000 0.647
3955.000 0.419
3960.000 0.462
3965.000 1.058
3970.000 1.289
3975.000 0.973
3980.000 0.565
3985.000 0.599
3990.000 0.539
3995.000 0.885
4000.000 0.903
4005.000 1.372
4010.000 0.972
4015.000 0.710
4020.000 0.478
4025.000 0.452
4030.000 0.874
4035.000 0.800
4040.000 0.933
4045.000 0.748
4050.000 0.878
4055.000 0.932
4060.000 0.725
4065.000 1.072
4070.000 0.919
4075.000 0.790
4080.000 0.521
4085.000 0.707
4090.000 0.865
4095.000 0.839
4100.000 0.801
4105.000 0.469
4110.000 0.673
4115.000 0.711
4120.000 1.400
4125.000 0.702
4130.000 0.835
4135.000 0.872
4140.000 0.719
4145.000 0.662
4150.000 0.515
4155.000 0.648
4160.000 0.685
4165.000 0.919
4170.000 0.666
4175.000 1.087
4180.000 2.329
4185.000 2.770
4190.000 0.944
4195.000 0.856
4200.000 0.523
4205.000 0.856
4210.000 0.777
4215.000 0.821
4220.000 0.830
4225.000 0.904
4230.000 0.530
4235.000 0.627
4240.000 0.487
4245.000 0.557
4250.000 0.566
4255.000 0.496
4260.000 0.840
4265.000 0.665
4270.000 0.472
4275.000 0.513
4280.000 0.588
4285.000 0.497
4290.000 0.892
4295.000 0.482
4300.000 0.852
4305.000 0.755
4310.000 0.708
4315.000 0.610
4320.000 0.651
4325.000 1.635
4330.000 0.740
4335.000 0.739
4340.000 0.819
4345.000 0.582
4350.000 0.688
4355.000 0.665
4360.000 0.720
4365.000 0.618
4370.000 1.038
4375.000 1.783
4380.000 1.002
4385.000 0.600
4390.000 0.581
4395.000 0.484
4400.000 0.641
4405.000 0.332
4410.000 0.621
4415.000 0.573
4420.000 0.461
4425.000 0.670
4430.000 0.492
4435.000 0.793
4440.000 0.671
4445.000 0.567
4450.000 0.739
4455.000 0.412
4460.000 0.465
4465.000 0.428
4470.000 0.658
4475.000 0.681
4480.000 0.484
4485.000 0.641
4490.000 0.563
4495.000 0.341
4500.000 0.567
4505.000 0.933
4510.000 0.650
4515.000 0.837
4520.000 0.450
4525.000 0.555
4530.000 0.628
4535.000 0.728
4540.000 0.448
4545.000 0.703
4550.000 0.662
4555.000 0.628
4560.000 0.656
4565.000 0.550
4570.000 0.792
4575.000 1.518
4580.000 0.982
4585.000 0.768
4590.000 0.474
4595.000 0.419
4600.000 0.598
4605.000 0.447
4610.000 0.789
4615.000 0.479
4620.000 0.586
4625.000 0.327
4630.000 0.808
4635.000 0.404
4640.000 0.629
4645.000 0.527
4650.000 0.503
4655.000 0.616
4660.000 0.565
4665.000 0.534
4670.000 0.786
4675.000 0.802
4680.000 0.432
4685.000 0.237
4690.000 0.996
4695.000 0.636
4700.000 0.534
4705.000 0.881
4710.000 0.474
4715.000 0.409
4720.000 0.534
4725.000 0.727
4730.000 0.470
4735.000 0.520
4740.000 0.623
4745.000 0.532
4750.000 0.499
4755.000 0.570
4760.000 0.479
4765.000 0.709
4770.000 0.420
4775.000 0.671
4780.000 0.519
4785.000 0.579
4790.000 0.515
4795.000 0.511
4800.000 0.786
4805.000 0.856
4810.000 0.536
4815.000 0.569
4820.000 2.091
4825.000 2.952
4830.000 1.012
4835.000 0.682
4840.000 0.948
4845.000 0.374
4850.000 0.668
4855.000 0.671
4860.000 0.618
4865.000 0.518
4870.000 0.669
4875.000 0.555
4880.000 1.529
4885.000 2.232
4890.000 1.273
4895.000 0.647
4900.000 0.753
4905.000 0.685
4910.000 0.631
4915.000 0.645
4920.000 0.807
4925.000 1.077
4930.000 0.757
4935.000 0.746
4940.000 0.984
4945.000 0.642
4950.000 0.633
4955.000 0.498
4960.000 0.603
4965.000 0.776
4970.000 0.636
4975.000 0.509
4980.000 0.526
4985.000 0.841
4990.000 1.092
4995.000 0.656
5000.000 0.670
5005.000 0.836
5010.000 0.481
5015.000 0.807
5020.000 0.766
5025.000 0.817
5030.000 0.689
5035.000 0.573
5040.000 0.791
5045.000 0.587
5050.000 1.112
5055.000 1.378
5060.000 0.583
5065.000 1.335
5070.000 1.122
5075.000 0.865
5080.000 0.902
5085.000 0.844
5090.000 0.683
5095.000 1.042
5100.000 1.113
5105.000 1.093
5110.000 1.074
5115.000 0.782
5120.000 0.878
5125.000 0.500
5130.000 0.676
5135.000 2.198
5140.000 0.746
5145.000 0.856
5150.000 0.721
5155.000 0.640
5160.000 0.740
5165.000 0.894
5170.000 0.939
5175.000 0.380
5180.000 0.572
5185.000 0.725
5190.000 0.478
5195.000 6.539
5200.000 36.732
5205.000 37.205
5210.000 0.000
5215.000 0.165
5220.000 0.322
5225.000 0.408
5230.000 0.001
5235.000 1.116
5240.000 2.520
5245.000 0.511
5250.000 0.277
5255.000 0.122
5260.000 0.225
5265.000 0.309
5270.000 0.257
5275.000 0.292
5280.000 0.413
5285.000 0.441
5290.000 0.771
5295.000 1.036
5300.000 1.185
5305.000 0.448
5310.000 0.583
5315.000 0.839
5320.000 0.443
5325.000 0.460
5330.000 0.442
5335.000 2.165
5340.000 2.014
5345.000 0.818
5350.000 0.690
5355.000 0.380
5360.000 0.539
5365.000 0.797
5370.000 0.952
5375.000 0.423
5380.000 0.490
5385.000 0.686
5390.000 0.730
5395.000 0.524
5400.000 0.751
5405.000 0.509
5410.000 0.435
5415.000 0.789
5420.000 0.469
5425.000 0.807
5430.000 0.553
5435.000 0.742
5440.000 1.003
5445.000 0.535
5450.000 1.051
5455.000 0.614
5460.000 0.917
5465.000 0.631
5470.000 0.654
5475.000 0.810
5480.000 0.786
5485.000 0.412
5490.000 0.719
5495.000 0.493
5500.000 0.794
5505.000 0.898
5510.000 0.521
5515.000 0.794
5520.000 0.557
5525.000 0.567
5530.000 0.677
5535.000 0.640
5540.000 1.068
5545.000 1.133
5550.000 0.984
5555.000 0.658
5560.000 0.599
5565.000 0.433
5570.000 0.661
5575.000 0.598
5580.000 0.299
5585.000 0.414
5590.000 0.882
5595.000 0.474
5600.000 0.651
5605.000 0.763
5610.000 0.719
5615.000 0.518
5620.000 0.817
5625.000 0.689
5630.000 0.511
5635.000 0.770
5640.000 0.434
5645.000 11.153
5650.000 4.552
5655.000 0.582
5660.000 0.583
5665.000 3.398
5670.000 2.670
5675.000 1.697
5680.000 0.710
5685.000 0.683
5690.000 0.623
5695.000 0.593
5700.000 0.849
5705.000 0.685
5710.000 0.564
5715.000 0.657
5720.000 0.570
5725.000 1.053
5730.000 0.355
5735.000 0.484
5740.000 0.792
5745.000 0.489
5750.000 0.554
5755.000 0.371
5760.000 0.780
5765.000 0.615
5770.000 0.732
5775.000 0.477
5780.000 0.579
5785.000 0.388
5790.000 0.499
5795.000 0.588
5800.000 0.517
5805.000 0.699
5810.000 0.392
5815.000 0.389
5820.000 0.787
5825.000 0.482
5830.000 0.459
5835.000 0.756
5840.000 0.568
5845.000 0.477
5850.000 0.628
5855.000 0.632
5860.000 1.277
5865.000 0.917
5870.000 0.742
5875.000 0.744
5880.000 0.744
5885.000 0.676
5890.000 0.630
5895.000 0.604
5900.000 0.535
5905.000 0.540
5910.000 0.629
5915.000 0.747
5920.000 0.739
5925.000 0.593
5930.000 0.730
5935.000 0.865
5940.000 0.607
5945.000 0.505
5950.000 0.552
5955.000 0.429
5960.000 0.480
5965.000 0.721
5970.000 0.923
5975.000 0.949
5980.000 0.827
5985.000 0.314
5990.000 0.768
5995.000 0.475
6000.000 0.524
6005.000 0.392
6010.000 0.661
6015.000 0.769
6020.000 0.336
6025.000 0.521
6030.000 0.826
6035.000 0.575
6040.000 0.940
6045.000 0.806
6050.000 0.456
6055.000 0.725
6060.000 0.404
6065.000 0.500
6070.000 0.604
6075.000 0.500
6080.000 0.549
6085.000 0.818
6090.000 0.842
6095.000 0.758
6100.000 0.758
6105.000 0.616
6110.000 0.692
6115.000 0.657
6120.000 0.791
6125.000 0.746
6130.000 0.839
6135.000 1.001
6140.000 0.765
6145.000 0.747
6150.000 0.924
6155.000 0.868
6160.000 1.041
6165.000 0.500
6170.000 0.759
6175.000 0.725
6180.000 0.877
6185.000 1.028
6190.000 0.552
6195.000 0.482
6200.000 0.677
6205.000 1.080
6210.000 1.676
6215.000 1.138
6220.000 1.017
6225.000 0.871
6230.000 0.753
6235.000 0.936
6240.000 0.920
6245.000 0.633
6250.000 0.767
6255.000 0.634
6260.000 0.608
6265.000 0.905
6270.000 0.747
6275.000 0.927
6280.000 0.905
6285.000 0.899
6290.000 1.034
6295.000 1.305
6300.000 0.685
6305.000 0.985
6310.000 0.872
6315.000 1.037
6320.000 0.718
6325.000 0.854
6330.000 0.615
6335.000 0.984
6340.000 0.751
6345.000 0.984
6350.000 0.731
6355.000 1.319
6360.000 0.742
6365.000 0.551
6370.000 1.268
6375.000 3.751
6380.000 0.999
6385.000 0.990
6390.000 0.887
6395.000 1.010
6400.000 0.847
6405.000 1.324
6410.000 1.018
6415.000 1.072
6420.000 1.264
6425.000 0.929
6430.000 2.241
6435.000 1.833
6440.000 0.953
6445.000 0.929
6450.000 0.600
6455.000 0.924
6460.000 1.745
6465.000 1.104
6470.000 0.856
6475.000 0.775
6480.000 0.943
6485.000 1.267
6490.000 0.545
6495.000 0.967
6500.000 1.190
6505.000 0.739
6510.000 0.934
6515.000 1.257
6520.000 0.749
6525.000 1.809
6530.000 1.026
6535.000 0.575
6540.000 1.436
6545.000 1.013
6550.000 0.933
6555.000 1.131
6560.000 1.104
6565.000 0.725
6570.000 0.770
6575.000 0.826
6580.000 0.391
6585.000 0.871
6590.000 0.623
6595.000 1.220
6600.000 0.635
6605.000 0.635
6610.000 0.646
6615.000 1.248
6620.000 0.838
6625.000 1.171
6630.000 0.795
6635.000 0.940
6640.000 0.449
6645.000 0.620
6650.000 0.638
6655.000 0.751
6660.000 1.188
6665.000 0.984
6670.000 0.775
6675.000 1.254
6680.000 0.796
6685.000 1.029
6690.000 0.957
6695.000 1.172
6700.000 1.629
6705.000 0.761
6710.000 1.115
6715.000 0.934
6720.000 0.714
6725.000 1.225
6730.000 0.496
6735.000 0.678
6740.000 0.720
6745.000 0.722
6750.000 0.869
6755.000 0.687
6760.000 0.784
6765.000 0.955
6770.000 1.130
6775.000 1.124
6780.000 1.122
6785.000 1.228
6790.000 0.528
6795.000 1.370
6800.000 0.523
6805.000 0.745
6810.000 1.031
6815.000 0.803
6820.000 1.811
6825.000 3.269
6830.000 2.367
6835.000 3.059
6840.000 2.071
6845.000 2.862
6850.000 1.069
6855.000 1.187
6860.000 1.041
6865.000 0.985
6870.000 0.678
6875.000 1.257
6880.000 0.824
6885.000 1.041
6890.000 1.098
6895.000 0.669
6900.000 0.918
6905.000 1.194
6910.000 0.512
6915.000 0.864
6920.000 0.661
6925.000 1.003
6930.000 0.747
6935.000 1.083
6940.000 0.906
6945.000 0.838
6950.000 1.190
6955.000 1.207
6960.000 0.753
6965.000 0.851
6970.000 1.026
6975.000 1.040
6980.000 0.899
6985.000 0.752
6990.000 0.712
6995.000 0.909
7000.000 0.760
7005.000 0.936
7010.000 0.810
7015.000 0.753
7020.000 1.076
7025.000 0.964
7030.000 1.159
7035.000 0.582
7040.000 0.509
7045.000 0.718
7050.000 0.686
7055.000 0.779
7060.000 0.366
7065.000 1.462
7070.000 1.000
7075.000 0.785
7080.000 0.771
7085.000 0.559
7090.000 0.621
7095.000 0.957
7100.000 0.663
7105.000 0.768
7110.000 0.763
7115.000 0.648
7120.000 0.468
7125.000 0.870
7130.000 0.974
7135.000 1.053
7140.000 0.780
7145.000 0.871
7150.000 0.970
7155.000 0.746
7160.000 0.755
7165.000 0.720
7170.000 0.868
7175.000 0.922
7180.000 0.812
7185.000 0.779
7190.000 0.692
7195.000 0.440
7200.000 0.568
7205.000 0.507
7210.000 0.675
7215.000 0.400
7220.000 0.592
7225.000 0.970
7230.000 0.937
7235.000 0.694
7240.000 0.785
7245.000 0.618
7250.000 0.641
7255.000 0.671
7260.000 0.613
7265.000 0.643
7270.000 0.711
7275.000 0.873
7280.000 0.370
7285.000 0.703
7290.000 0.565
7295.000 0.604
7300.000 0.795
7305.000 1.041
7310.000 0.766
7315.000 0.685
7320.000 0.708
7325.000 0.562
7330.000 0.681
7335.000 0.748
7340.000 1.033
7345.000 0.758
7350.000 0.522
7355.000 0.689
7360.000 0.714
7365.000 0.702
7370.000 0.799
7375.000 1.043
7380.000 0.476
7385.000 0.704
7390.000 0.682
7395.000 0.478
7400.000 0.869
7405.000 0.749
7410.000 1.646
7415.000 0.339
7420.000 0.797
7425.000 0.916
7430.000 0.842
7435.000 0.644
7440.000 0.771
7445.000 0.521
7450.000 0.605
7455.000 1.175
7460.000 0.471
7465.000 0.904
7470.000 0.726
7475.000 1.005
7480.000 0.451
7485.000 0.756
7490.000 1.034
7495.000 0.902
7500.000 0.440
7505.000 0.814
7510.000 0.910
7515.000 0.727
7520.000 1.045
7525.000 0.762
7530.000 0.613
7535.000 0.718
7540.000 0.801
7545.000 1.204
7550.000 0.631
7555.000 0.799
7560.000 1.028
7565.000 0.965
7570.000 1.039
7575.000 0.585
7580.000 1.786
7585.000 2.199
7590.000 1.499
7595.000 1.150
7600.000 1.428
7605.000 0.518
7610.000 0.721
7615.000 1.361
7620.000 0.711
7625.000 0.384
7630.000 0.533
7635.000 1.914
7640.000 1.743
7645.000 0.622
7650.000 1.124
7655.000 0.681
7660.000 0.759
7665.000 0.698
7670.000 0.692
7675.000 0.781
7680.000 0.737
7685.000 1.288
7690.000 0.425
7695.000 0.583
7700.000 0.792
7705.000 1.126
7710.000 1.161
7715.000 0.979
7720.000 0.581
7725.000 0.500
7730.000 0.743
7735.000 0.512
7740.000 0.800
7745.000 1.404
7750.000 4.942
7755.000 1.419
7760.000 2.413
7765.000 0.465
7770.000 0.455
7775.000 0.740
7780.000 0.895
7785.000 1.159
7790.000 1.292
7795.000 0.783
7800.000 0.708
7805.000 1.232
7810.000 1.041
7815.000 0.522
7820.000 0.895
7825.000 0.908
7830.000 1.071
7835.000 1.237
7840.000 1.241
7845.000 1.158
7850.000 0.975
7855.000 1.236
7860.000 0.788
7865.000 0.983
7870.000 1.439
7875.000 1.823
7880.000 1.685
7885.000 2.788
7890.000 1.450
7895.000 2.160
7900.000 3.771
7905.000 3.658
7910.000 3.164
7915.000 1.342
7920.000 0.915
7925.000 1.049
7930.000 2.009
7935.000 2.989
7940.000 2.615
7945.000 2.266
7950.000 1.358
7955.000 1.608
7960.000 1.168
7965.000 0.836
7970.000 1.102
7975.000 1.305
7980.000 1.282
7985.000 0.708
7990.000 1.312
7995.000 1.601
8000.000 2.112
8005.000 0.928
8010.000 0.921
8015.000 1.128
8020.000 1.297
8025.000 1.181
8030.000 1.790
8035.000 1.086
8040.000 1.022
8045.000 0.599
8050.000 1.182
8055.000 1.382
8060.000 1.438
8065.000 1.087
8070.000 1.809
8075.000 1.366
8080.000 1.735
8085.000 1.660
8090.000 1.721
8095.000 1.347
8100.000 0.702
8105.000 1.466
8110.000 1.433
8115.000 1.481
8120.000 0.862
8125.000 0.663
8130.000 0.648
8135.000 0.891
8140.000 0.773
8145.000 1.014
8150.000 0.520
8155.000 1.058
8160.000 0.654
8165.000 1.362
8170.000 0.714
8175.000 1.013
8180.000 1.060
8185.000 1.318
8190.000 2.037
8195.000 1.503
8200.000 1.336
8205.000 1.401
8210.000 1.111
8215.000 0.645
8220.000 0.857
8225.000 1.010
8230.000 0.579
8235.000 1.137
8240.000 0.791
8245.000 1.182
8250.000 0.989
8255.000 0.855
8260.000 2.629
8265.000 1.883
8270.000 1.249
8275.000 1.060
8280.000 1.406
8285.000 1.485
8290.000 1.267
8295.000 0.905
8300.000 0.700
8305.000 1.115
8310.000 1.269
8315.000 1.052
8320.000 1.286
8325.000 0.475
8330.000 1.108
8335.000 1.166
8340.000 1.304
8345.000 1.057
8350.000 1.084
8355.000 0.932
8360.000 1.005
8365.000 0.823
8370.000 0.864
8375.000 0.732
8380.000 0.595
8385.000 0.660
8390.000 1.304
8395.000 1.417
8400.000 1.362
8405.000 2.077
8410.000 1.893
8415.000 1.666
8420.000 1.780
8425.000 2.178
8430.000 2.198
8435.000 3.465
8440.000 2.481
8445.000 3.605
8450.000 1.915
8455.000 1.717
8460.000 2.425
8465.000 1.521
8470.000 2.602
8475.000 2.390
8480.000 1.992
8485.000 1.498
8490.000 1.299
8495.000 1.111
8500.000 2.143
8505.000 0.832
8510.000 0.886
8515.000 1.124
8520.000 1.410
8525.000 0.702
8530.000 1.274
8535.000 1.253
8540.000 0.916
8545.000 1.229
8550.000 0.943
8555.000 1.325
8560.000 0.986
8565.000 0.928
8570.000 1.045
8575.000 0.934
8580.000 1.009
8585.000 1.639
8590.000 5.377
8595.000 5.241
8600.000 1.004
8605.000 0.927
8610.000 1.276
8615.000 0.792
8620.000 0.641
8625.000 1.438
8630.000 1.605
8635.000 2.001
8640.000 0.919
8645.000 0.596
8650.000 0.963
8655.000 1.195
8660.000 0.722
8665.000 0.691
8670.000 0.475
8675.000 0.828
8680.000 0.644
8685.000 0.908
8690.000 0.868
8695.000 0.886
8700.000 0.548
8705.000 0.722
8710.000 1.080
8715.000 0.721
8720.000 0.519
8725.000 0.467
8730.000 0.671
8735.000 0.572
8740.000 0.884
8745.000 0.712
8750.000 1.151
8755.000 1.019
8760.000 0.516
8765.000 0.562
8770.000 0.660
8775.000 1.173
8780.000 0.830
8785.000 2.458
8790.000 0.663
8795.000 1.997
8800.000 0.920
8805.000 1.315
8810.000 1.493
8815.000 0.674
8820.000 0.760
8825.000 1.811
8830.000 2.353
8835.000 1.806
8840.000 0.884
8845.000 0.727
8850.000 0.855
8855.000 1.153
8860.000 0.905
8865.000 0.812
8870.000 1.154
8875.000 1.096
8880.000 0.691
8885.000 0.582
8890.000 0.925
8895.000 1.264
8900.000 1.205
8905.000 0.831
8910.000 0.695
8915.000 0.634
8920.000 0.423
8925.000 0.652
8930.000 0.746
8935.000 0.879
8940.000 0.665
8945.000 2.346
8950.000 0.725
8955.000 0.746
8960.000 0.377
8965.000 0.824
8970.000 1.093
8975.000 0.721
8980.000 1.127
8985.000 1.259
8990.000 1.743
8995.000 2.144
9000.000 1.277
9005.000 1.345
9010.000 0.950
9015.000 2.063
9020.000 1.607
9025.000 1.299
9030.000 1.353
9035.000 3.949
9040.000 2.446
9045.000 2.452
9050.000 3.691
9055.000 1.557
9060.000 1.179
9065.000 2.163
9070.000 0.945
9075.000 0.961
9080.000 1.232
9085.000 1.734
9090.000 1.006
9095.000 0.908
9100.000 1.082
9105.000 10.801
9110.000 1.048
9115.000 0.670
9120.000 0.456
9125.000 1.060
9130.000 0.985
9135.000 0.642
9140.000 0.631
9145.000 0.826
9150.000 0.662
9155.000 0.342
9160.000 0.732
9165.000 1.089
9170.000 0.842
9175.000 0.607
9180.000 0.968
9185.000 0.397
9190.000 0.555
9195.000 0.520
9200.000 4.440
9205.000 4.440
9210.000 2.406
9215.000 0.742
9220.000 0.526
9225.000 0.408
9230.000 0.808
9235.000 0.679
9240.000 1.085
9245.000 0.984
9250.000 1.054
9255.000 1.269
9260.000 0.884
9265.000 0.980
9270.000 0.509
9275.000 0.615
9280.000 0.948
9285.000 0.852
9290.000 1.082
9295.000 1.469
9300.000 0.990
9305.000 1.328
9310.000 1.839
9315.000 1.593
9320.000 1.090
9325.000 0.692
9330.000 0.682
9335.000 1.234
9340.000 0.848
9345.000 1.083
9350.000 0.698
9355.000 1.276
9360.000 0.881
9365.000 0.710
9370.000 0.603
9375.000 0.750
9380.000 0.651
9385.000 0.796
9390.000 0.849
9395.000 0.743
9400.000 0.905
9405.000 1.334
9410.000 0.929
9415.000 1.264
9420.000 1.061
9425.000 0.845
9430.000 0.610
9435.000 1.096
9440.000 0.840
9445.000 1.148
9450.000 0.716
9455.000 0.931
9460.000 0.944
9465.000 1.309
9470.000 0.970
9475.000 1.247
9480.000 0.890
9485.000 0.969
9490.000 0.461
9495.000 0.500
9500.000 0.484
9505.000 0.640
9510.000 0.658
9515.000 1.036
9520.000 0.692
9525.000 0.504
9530.000 0.747
9535.000 0.590
9540.000 0.735
9545.000 0.680
9550.000 0.474
9555.000 0.510
9560.000 0.818
9565.000 0.401
9570.000 0.464
9575.000 0.697
9580.000 0.776
9585.000 0.766
9590.000 0.923
9595.000 0.991
9600.000 0.710
9605.000 0.678
9610.000 0.928
9615.000 0.562
9620.000 0.601
9625.000 0.866
9630.000 0.862
9635.000 0.631
9640.000 0.809
9645.000 0.769
9650.000 1.560
9655.000 1.421
9660.000 1.487
9665.000 1.296
9670.000 0.895
9675.000 0.870
9680.000 1.038
9685.000 0.859
9690.000 0.637
9695.000 1.108
9700.000 0.798
9705.000 1.135
9710.000 1.154
9715.000 0.734
9720.000 0.793
9725.000 0.896
9730.000 1.243
9735.000 1.061
9740.000 0.986
9745.000 0.996
9750.000 0.689
9755.000 0.815
9760.000 0.702
9765.000 0.528
9770.000 0.509
9775.000 0.556
9780.000 0.602
9785.000 0.438
9790.000 0.473
9795.000 0.723
9800.000 0.329
9805.000 0.557
9810.000 0.563
9815.000 0.397
9820.000 0.646
9825.000 0.630
9830.000 0.421
9835.000 0.430
9840.000 0.436
9845.000 0.646
9850.000 0.515
9855.000 0.492
9860.000 0.660
9865.000 0.679
9870.000 0.680
9875.000 0.703
9880.000 0.357
9885.000 0.692
9890.000 0.826
9895.000 0.817
9900.000 0.874
9905.000 0.846
9910.000 0.673
9915.000 1.107
9920.000 0.743
9925.000 0.806
9930.000 0.585
9935.000 0.913
9940.000 0.775
9945.000 0.930
9950.000 0.774
9955.000 0.710
9960.000 0.511
9965.000 0.789
9970.000 0.610
9975.000 0.485
9980.000 0.739
9985.000 0.655
9990.000 0.539
9995.000 0.584
10000.000 0.380
