105.000 17.723
110.000 18.146
115.000 26.880
120.000 14.423
125.000 30.588
130.000 21.928
135.000 29.531
140.000 38.867
145.000 59.692
150.000 35.046
155.000 18.908
160.000 18.861
165.000 28.252
170.000 18.400
175.000 20.436
180.000 31.493
185.000 18.572
190.000 17.113
195.000 23.837
200.000 22.201
205.000 13.010
210.000 16.717
215.000 18.702
220.000 9.969
225.000 14.381
230.000 14.492
235.000 9.862
240.000 11.583
245.000 5.644
250.000 5.625
255.000 3.118
260.000 3.661
265.000 5.275
270.000 3.361
275.000 7.531
280.000 4.020
285.000 12.282
290.000 10.630
295.000 5.678
300.000 3.462
305.000 12.150
310.000 6.152
315.000 3.321
320.000 8.624
325.000 8.189
330.000 13.788
335.000 16.928
340.000 10.484
345.000 13.587
350.000 6.792
355.000 18.574
360.000 10.366
365.000 7.037
370.000 6.593
375.000 34.760
380.000 26.913
385.000 0.012
390.000 0.000
395.000 0.000
400.000 0.001
405.000 0.001
410.000 2.981
415.000 11.675
420.000 7.266
425.000 3.027
430.000 0.000
435.000 0.000
440.000 0.003
445.000 0.000
450.000 0.001
455.000 0.000
460.000 2.520
465.000 1.928
470.000 2.406
475.000 3.046
480.000 2.811
485.000 3.315
490.000 2.025
495.000 2.839
500.000 1.803
505.000 2.485
510.000 3.391
515.000 2.715
520.000 3.817
525.000 2.463
530.000 3.121
535.000 2.463
540.000 3.147
545.000 4.732
550.000 5.517
555.000 8.393
560.000 9.124
565.000 4.366
570.000 7.385
575.000 5.475
580.000 6.433
585.000 5.438
590.000 2.994
595.000 6.239
600.000 3.778
605.000 4.895
610.000 2.192
615.000 3.624
620.000 4.716
625.000 2.649
630.000 5.938
635.000 4.178
640.000 3.341
645.000 1.788
650.000 3.989
655.000 5.074
660.000 2.746
665.000 3.965
670.000 3.233
675.000 2.440
680.000 2.283
685.000 2.664
690.000 2.668
695.000 3.188
700.000 4.284
705.000 1.717
710.000 1.911
715.000 2.750
720.000 4.156
725.000 3.244
730.000 3.031
735.000 6.282
740.000 5.793
745.000 5.217
750.000 6.159
755.000 3.858
760.000 4.598
765.000 4.169
770.000 1.795
775.000 5.447
780.000 3.285
785.000 1.968
790.000 2.485
795.000 3.605
800.000 2.327
805.000 2.407
810.000 1.941
815.000 1.688
820.000 1.795
825.000 2.017
830.000 2.082
835.000 1.585
840.000 2.180
845.000 1.682
850.000 0.918
855.000 1.645
860.000 1.760
865.000 2.184
870.000 1.632
875.000 2.212
880.000 1.577
885.000 1.682
890.000 1.195
895.000 1.760
900.000 1.452
905.000 1.992
910.000 1.668
915.000 2.581
920.000 2.525
925.000 1.982
930.000 1.654
935.000 1.485
940.000 2.352
945.000 2.233
950.000 2.292
955.000 1.779
960.000 1.784
965.000 2.346
970.000 1.959
975.000 1.464
980.000 2.482
985.000 2.114
990.000 2.069
995.000 1.089
1000.000 1.253
1005.000 2.527
1010.000 2.637
1015.000 2.491
1020.000 1.197
1025.000 1.060
1030.000 1.822
1035.000 2.108
1040.000 2.409
1045.000 1.800
1050.000 1.923
1055.000 2.316
1060.000 1.295
1065.000 2.034
1070.000 2.877
1075.000 2.358
1080.000 1.921
1085.000 1.742
1090.000 0.918
1095.000 1.315
1100.000 1.856
1105.000 2.010
1110.000 1.168
1115.000 1.424
1120.000 1.897
1125.000 1.479
1130.000 2.336
1135.000 1.958
1140.000 2.942
1145.000 1.423
1150.000 1.278
1155.000 1.725
1160.000 1.326
1165.000 1.597
1170.000 2.309
1175.000 1.305
1180.000 1.058
1185.000 1.315
1190.000 2.069
1195.000 2.171
1200.000 2.467
1205.000 2.901
1210.000 2.809
1215.000 2.172
1220.000 1.612
1225.000 2.182
1230.000 1.925
1235.000 1.484
1240.000 1.171
1245.000 1.678
1250.000 1.009
1255.000 1.886
1260.000 2.725
1265.000 2.019
1270.000 1.385
1275.000 1.031
1280.000 1.803
1285.000 1.571
1290.000 1.420
1295.000 1.654
1300.000 1.942
1305.000 2.069
1310.000 1.693
1315.000 1.412
1320.000 1.714
1325.000 2.904
1330.000 2.267
1335.000 1.825
1340.000 1.431
1345.000 1.057
1350.000 1.114
1355.000 0.718
1360.000 1.892
1365.000 1.820
1370.000 2.120
1375.000 1.422
1380.000 0.609
1385.000 1.250
1390.000 1.604
1395.000 1.519
1400.000 1.054
1405.000 1.017
1410.000 1.428
1415.000 2.013
1420.000 1.427
1425.000 1.641
1430.000 2.003
1435.000 2.535
1440.000 1.514
1445.000 3.499
1450.000 3.284
1455.000 2.195
1460.000 2.972
1465.000 1.282
1470.000 1.576
1475.000 1.535
1480.000 2.672
1485.000 2.153
1490.000 2.320
1495.000 1.461
1500.000 0.889
1505.000 1.211
1510.000 1.574
1515.000 1.014
1520.000 1.575
1525.000 1.682
1530.000 2.031
1535.000 1.680
1540.000 2.954
1545.000 2.485
1550.000 1.445
1555.000 1.245
1560.000 2.077
1565.000 1.444
1570.000 0.980
1575.000 1.573
1580.000 1.643
1585.000 1.589
1590.000 1.608
1595.000 1.338
1600.000 1.066
1605.000 1.200
1610.000 2.196
1615.000 1.696
1620.000 1.255
1625.000 1.107
1630.000 1.399
1635.000 1.182
1640.000 1.919
1645.000 1.683
1650.000 1.675
1655.000 1.201
1660.000 1.080
1665.000 1.079
1670.000 0.969
1675.000 1.484
1680.000 1.370
1685.000 1.909
1690.000 1.418
1695.000 1.265
1700.000 0.943
1705.000 1.745
1710.000 1.620
1715.000 2.307
1720.000 2.167
1725.000 1.811
1730.000 0.959
1735.000 1.275
1740.000 1.831
1745.000 1.706
1750.000 2.383
1755.000 1.374
1760.000 1.168
1765.000 1.217
1770.000 1.622
1775.000 1.556
1780.000 1.065
1785.000 1.485
1790.000 1.296
1795.000 1.486
1800.000 1.254
1805.000 2.099
1810.000 2.037
1815.000 1.279
1820.000 1.816
1825.000 0.761
1830.000 1.161
1835.000 1.318
1840.000 2.083
1845.000 1.418
1850.000 1.139
1855.000 1.057
1860.000 1.114
1865.000 1.246
1870.000 1.712
1875.000 1.246
1880.000 1.269
1885.000 0.955
1890.000 0.825
1895.000 0.828
1900.000 1.789
1905.000 1.228
1910.000 4.046
1915.000 26.555
1920.000 9.854
1925.000 0.001
1930.000 0.000
1935.000 0.717
1940.000 0.770
1945.000 0.148
1950.000 0.000
1955.000 3.115
1960.000 2.404
1965.000 0.218
1970.000 0.323
1975.000 0.329
1980.000 0.387
1985.000 0.430
1990.000 0.411
1995.000 0.820
2000.000 0.886
2005.000 0.839
2010.000 0.764
2015.000 1.088
2020.000 1.042
2025.000 1.122
2030.000 1.811
2035.000 1.061
2040.000 1.042
2045.000 1.250
2050.000 1.606
2055.000 1.128
2060.000 1.097
2065.000 0.892
2070.000 1.401
2075.000 0.977
2080.000 1.410
2085.000 1.009
2090.000 1.308
2095.000 0.725
2100.000 0.847
2105.000 0.901
2110.000 0.983
2115.000 1.303
2120.000 0.770
2125.000 1.465
2130.000 1.194
2135.000 1.168
2140.000 1.292
2145.000 0.819
2150.000 0.849
2155.000 1.129
2160.000 1.392
2165.000 1.982
2170.000 1.277
2175.000 1.042
2180.000 0.950
2185.000 1.097
2190.000 0.888
2195.000 1.140
2200.000 0.964
2205.000 0.649
2210.000 0.729
2215.000 0.840
2220.000 1.433
2225.000 1.108
2230.000 1.441
2235.000 1.095
2240.000 0.987
2245.000 1.387
2250.000 1.282
2255.000 1.295
2260.000 1.254
2265.000 0.661
2270.000 0.742
2275.000 0.815
2280.000 1.057
2285.000 1.110
2290.000 1.765
2295.000 1.188
2300.000 0.865
2305.000 0.955
2310.000 1.296
2315.000 29.041
2320.000 40.816
2325.000 6.280
2330.000 0.003
2335.000 0.424
2340.000 0.632
2345.000 0.000
2350.000 1.397
2355.000 3.137
2360.000 0.368
2365.000 0.239
2370.000 0.277
2375.000 0.385
2380.000 0.739
2385.000 0.718
2390.000 0.401
2395.000 0.615
2400.000 0.567
2405.000 1.152
2410.000 1.225
2415.000 1.031
2420.000 1.530
2425.000 0.993
2430.000 1.028
2435.000 0.686
2440.000 0.769
2445.000 0.998
2450.000 1.056
2455.000 0.720
2460.000 0.694
2465.000 0.701
2470.000 0.541
2475.000 1.432
2480.000 1.372
2485.000 1.123
2490.000 1.082
2495.000 0.761
2500.000 2.156
2505.000 1.803
2510.000 1.780
2515.000 0.946
2520.000 0.729
2525.000 1.218
2530.000 0.591
2535.000 0.929
2540.000 1.159
2545.000 1.274
2550.000 1.369
2555.000 1.036
2560.000 1.055
2565.000 0.575
2570.000 0.912
2575.000 1.090
2580.000 0.784
2585.000 0.995
2590.000 0.644
2595.000 0.562
2600.000 1.100
2605.000 1.340
2610.000 0.876
2615.000 0.542
2620.000 0.978
2625.000 1.267
2630.000 0.817
2635.000 0.767
2640.000 0.876
2645.000 1.141
2650.000 0.547
2655.000 0.486
2660.000 0.608
2665.000 0.957
2670.000 0.774
2675.000 0.897
2680.000 0.532
2685.000 0.920
2690.000 0.828
2695.000 0.705
2700.000 1.222
2705.000 1.228
2710.000 33.144
2715.000 15.342
2720.000 2.281
2725.000 0.048
2730.000 1.243
2735.000 1.613
2740.000 0.861
2745.000 0.168
2750.000 0.137
2755.000 0.278
2760.000 0.497
2765.000 0.316
2770.000 0.447
2775.000 0.363
2780.000 0.654
2785.000 0.359
2790.000 0.557
2795.000 0.396
2800.000 0.753
2805.000 0.726
2810.000 0.696
2815.000 0.639
2820.000 0.786
2825.000 0.767
2830.000 0.693
2835.000 0.979
2840.000 1.036
2845.000 0.803
2850.000 0.889
2855.000 1.067
2860.000 0.924
2865.000 0.917
2870.000 0.527
2875.000 0.903
2880.000 0.936
2885.000 0.867
2890.000 0.960
2895.000 1.199
2900.000 0.752
2905.000 0.913
2910.000 0.628
2915.000 0.679
2920.000 0.624
2925.000 1.267
2930.000 1.135
2935.000 1.162
2940.000 0.736
2945.000 0.347
2950.000 0.700
2955.000 1.335
2960.000 1.212
2965.000 1.362
2970.000 1.024
2975.000 0.895
2980.000 1.049
2985.000 1.234
2990.000 1.035
2995.000 0.910
3000.000 1.275
3005.000 0.900
3010.000 0.526
3015.000 1.056
3020.000 0.854
3025.000 1.254
3030.000 1.005
3035.000 0.909
3040.000 0.780
3045.000 0.767
3050.000 9.636
3055.000 6.685
3060.000 1.963
3065.000 0.804
3070.000 1.031
3075.000 0.936
3080.000 1.291
3085.000 1.189
3090.000 1.545
3095.000 0.928
3100.000 0.968
3105.000 1.356
3110.000 1.477
3115.000 0.884
3120.000 1.093
3125.000 0.950
3130.000 0.409
3135.000 0.791
3140.000 0.517
3145.000 1.041
3150.000 1.074
3155.000 1.046
3160.000 1.219
3165.000 0.828
3170.000 0.725
3175.000 1.022
3180.000 0.830
3185.000 1.067
3190.000 1.234
3195.000 0.990
3200.000 0.627
3205.000 0.600
3210.000 0.958
3215.000 1.490
3220.000 0.851
3225.000 1.004
3230.000 0.723
3235.000 0.791
3240.000 1.087
3245.000 1.198
3250.000 1.359
3255.000 0.970
3260.000 0.726
3265.000 0.934
3270.000 0.698
3275.000 0.528
3280.000 1.151
3285.000 0.394
3290.000 0.781
3295.000 0.705
3300.000 1.045
3305.000 1.448
3310.000 1.339
3315.000 1.397
3320.000 0.715
3325.000 0.956
3330.000 1.187
3335.000 1.855
3340.000 0.899
3345.000 1.150
3350.000 1.445
3355.000 0.914
3360.000 0.792
3365.000 0.930
3370.000 1.078
3375.000 0.809
3380.000 1.308
3385.000 0.627
3390.000 0.749
3395.000 0.719
3400.000 0.992
3405.000 0.893
3410.000 1.222
3415.000 1.248
3420.000 0.914
3425.000 0.955
3430.000 0.855
3435.000 0.625
3440.000 0.835
3445.000 0.613
3450.000 0.978
3455.000 0.745
3460.000 0.683
3465.000 0.862
3470.000 0.634
3475.000 0.531
3480.000 0.941
3485.000 0.660
3490.000 0.700
3495.000 0.701
3500.000 1.061
3505.000 0.461
3510.000 0.586
3515.000 0.524
3520.000 0.376
3525.000 0.497
3530.000 0.570
3535.000 0.696
3540.000 0.951
3545.000 0.722
3550.000 0.507
3555.000 0.788
3560.000 0.527
3565.000 0.426
3570.000 0.798
3575.000 1.006
3580.000 0.766
3585.000 0.495
3590.000 0.792
3595.000 0.632
3600.000 0.921
3605.000 1.150
3610.000 0.683
3615.000 0.405
3620.000 0.617
3625.000 0.535
3630.000 0.757
3635.000 0.680
3640.000 0.492
3645.000 0.652
3650.000 0.781
3655.000 0.796
3660.000 0.853
3665.000 0.612
3670.000 0.689
3675.000 0.818
3680.000 0.714
3685.000 1.023
3690.000 0.720
3695.000 0.474
3700.000 0.484
3705.000 0.639
3710.000 0.296
3715.000 0.560
3720.000 0.938
3725.000 0.615
3730.000 0.641
3735.000 0.671
3740.000 0.864
3745.000 0.831
3750.000 1.327
3755.000 0.827
3760.000 0.620
3765.000 0.660
3770.000 0.958
3775.000 0.716
3780.000 0.725
3785.000 0.570
3790.000 0.825
3795.000 0.789
3800.000 0.687
3805.000 0.826
3810.000 0.584
3815.000 1.155
3820.000 0.856
3825.000 0.788
3830.000 0.892
3835.000 0.723
3840.000 0.754
3845.000 0.906
3850.000 1.000
3855.000 0.426
3860.000 0.737
3865.000 1.075
3870.000 0.421
3875.000 0.590
3880.000 0.804
3885.000 0.931
3890.000 0.727
3895.000 0.688
3900.000 0.544
3905.000 0.541
3910.000 0.733
3915.000 0.677
3920.000 0.624
3925.000 0.598
3930.000 0.382
3935.000 0.517
3940.000 0.579
3945.000 0.583
3950.000 0.990
3955.000 0.608
3960.000 1.096
3965.000 0.513
3970.000 0.358
3975.000 0.568
3980.000 0.712
3985.000 1.074
3990.000 0.559
3995.000 0.948
4000.000 0.642
4005.000 1.021
4010.000 0.712
4015.000 0.630
4020.000 0.973
4025.000 0.970
4030.000 0.728
4035.000 0.477
4040.000 0.878
4045.000 0.724
4050.000 0.683
4055.000 1.377
4060.000 0.587
4065.000 0.824
4070.000 0.658
4075.000 0.735
4080.000 0.808
4085.000 0.693
4090.000 0.554
4095.000 0.545
4100.000 0.923
4105.000 0.637
4110.000 0.731
4115.000 0.825
4120.000 0.689
4125.000 0.589
4130.000 0.876
4135.000 0.567
4140.000 0.833
4145.000 0.759
4150.000 1.060
4155.000 0.585
4160.000 0.867
4165.000 0.663
4170.000 0.705
4175.000 0.895
4180.000 0.552
4185.000 0.385
4190.000 0.655
4195.000 0.928
4200.000 0.771
4205.000 0.773
4210.000 0.530
4215.000 0.820
4220.000 1.047
4225.000 0.537
4230.000 1.032
4235.000 0.846
4240.000 0.633
4245.000 0.524
4250.000 0.733
4255.000 0.612
4260.000 0.766
4265.000 0.734
4270.000 0.661
4275.000 0.759
4280.000 0.575
4285.000 0.643
4290.000 0.616
4295.000 0.567
4300.000 0.528
4305.000 0.733
4310.000 0.373
4315.000 0.424
4320.000 0.539
4325.000 0.948
4330.000 0.726
4335.000 0.898
4340.000 0.754
4345.000 0.754
4350.000 0.362
4355.000 0.607
4360.000 0.306
4365.000 0.768
4370.000 0.732
4375.000 0.430
4380.000 0.810
4385.000 0.611
4390.000 0.335
4395.000 0.494
4400.000 0.811
4405.000 0.597
4410.000 0.833
4415.000 0.664
4420.000 0.570
4425.000 0.530
4430.000 0.402
4435.000 0.516
4440.000 0.306
4445.000 0.804
4450.000 0.623
4455.000 0.609
4460.000 0.511
4465.000 0.284
4470.000 0.760
4475.000 1.131
4480.000 1.133
4485.000 0.726
4490.000 0.747
4495.000 0.471
4500.000 0.880
4505.000 0.483
4510.000 0.810
4515.000 0.464
4520.000 0.471
4525.000 0.634
4530.000 0.514
4535.000 0.924
4540.000 0.579
4545.000 0.912
4550.000 0.578
4555.000 0.390
4560.000 0.656
4565.000 0.899
4570.000 0.474
4575.000 0.670
4580.000 0.680
4585.000 0.626
4590.000 0.537
4595.000 1.161
4600.000 0.953
4605.000 0.802
4610.000 0.754
4615.000 0.897
4620.000 0.960
4625.000 0.685
4630.000 0.654
4635.000 0.618
4640.000 2.514
4645.000 0.731
4650.000 1.073
4655.000 0.627
4660.000 0.637
4665.000 0.834
4670.000 0.412
4675.000 0.396
4680.000 0.514
4685.000 0.500
4690.000 0.783
4695.000 0.409
4700.000 0.361
4705.000 1.036
4710.000 0.843
4715.000 0.763
4720.000 0.796
4725.000 0.866
4730.000 0.474
4735.000 0.985
4740.000 0.352
4745.000 0.493
4750.000 0.543
4755.000 0.761
4760.000 0.433
4765.000 0.629
4770.000 0.600
4775.000 0.637
4780.000 0.602
4785.000 0.581
4790.000 0.646
4795.000 0.654
4800.000 0.686
4805.000 0.295
4810.000 0.392
4815.000 0.372
4820.000 0.612
4825.000 0.417
4830.000 0.374
4835.000 0.591
4840.000 0.429
4845.000 0.806
4850.000 0.900
4855.000 0.762
4860.000 0.763
4865.000 0.599
4870.000 1.083
4875.000 0.921
4880.000 0.552
4885.000 0.573
4890.000 0.646
4895.000 0.447
4900.000 0.743
4905.000 0.476
4910.000 0.598
4915.000 0.473
4920.000 0.415
4925.000 0.711
4930.000 0.471
4935.000 0.702
4940.000 0.506
4945.000 0.550
4950.000 1.536
4955.000 0.801
4960.000 0.835
4965.000 0.493
4970.000 0.676
4975.000 0.709
4980.000 0.985
4985.000 1.010
4990.000 0.485
4995.000 0.599
5000.000 0.641
5005.000 1.164
5010.000 1.679
5015.000 34.490
5020.000 39.294
5025.000 0.068
5030.000 0.183
5035.000 0.056
5040.000 1.165
5045.000 0.663
5050.000 0.077
5055.000 0.146
5060.000 0.121
5065.000 0.137
5070.000 0.193
5075.000 0.285
5080.000 0.387
5085.000 0.323
5090.000 0.368
5095.000 0.314
5100.000 0.455
5105.000 0.466
5110.000 0.455
5115.000 0.358
5120.000 0.919
5125.000 0.494
5130.000 0.562
5135.000 0.558
5140.000 0.511
5145.000 0.521
5150.000 0.657
5155.000 0.442
5160.000 0.529
5165.000 0.629
5170.000 0.823
5175.000 0.310
5180.000 0.481
5185.000 0.713
5190.000 0.517
5195.000 0.564
5200.000 0.678
5205.000 0.662
5210.000 0.626
5215.000 0.939
5220.000 0.582
5225.000 0.745
5230.000 0.580
5235.000 0.688
5240.000 0.636
5245.000 0.536
5250.000 0.443
5255.000 0.512
5260.000 0.355
5265.000 0.418
5270.000 0.930
5275.000 1.745
5280.000 0.639
5285.000 0.858
5290.000 0.615
5295.000 0.504
5300.000 0.868
5305.000 0.905
5310.000 0.550
5315.000 0.656
5320.000 0.662
5325.000 0.752
5330.000 0.876
5335.000 0.854
5340.000 0.876
5345.000 0.624
5350.000 0.556
5355.000 0.587
5360.000 0.484
5365.000 0.717
5370.000 1.436
5375.000 2.119
5380.000 0.600
5385.000 0.685
5390.000 0.736
5395.000 0.800
5400.000 38.799
5405.000 40.668
5410.000 7.281
5415.000 2.730
5420.000 1.014
5425.000 1.327
5430.000 0.964
5435.000 0.109
5440.000 0.195
5445.000 0.166
5450.000 0.163
5455.000 0.155
5460.000 0.358
5465.000 0.396
5470.000 0.547
5475.000 1.181
5480.000 0.871
5485.000 0.753
5490.000 0.473
5495.000 0.679
5500.000 0.508
5505.000 0.468
5510.000 0.380
5515.000 0.558
5520.000 0.860
5525.000 0.959
5530.000 0.752
5535.000 0.494
5540.000 0.429
5545.000 0.267
5550.000 0.434
5555.000 0.545
5560.000 0.721
5565.000 0.496
5570.000 0.580
5575.000 0.553
5580.000 0.657
5585.000 0.485
5590.000 0.992
5595.000 0.847
5600.000 0.368
5605.000 0.606
5610.000 0.670
5615.000 0.587
5620.000 0.784
5625.000 0.760
5630.000 0.581
5635.000 0.358
5640.000 0.717
5645.000 0.661
5650.000 0.457
5655.000 0.675
5660.000 0.539
5665.000 0.418
5670.000 0.720
5675.000 0.914
5680.000 0.580
5685.000 0.866
5690.000 0.727
5695.000 0.667
5700.000 0.450
5705.000 0.651
5710.000 0.641
5715.000 0.882
5720.000 0.816
5725.000 0.564
5730.000 0.510
5735.000 0.580
5740.000 0.891
5745.000 0.611
5750.000 0.451
5755.000 0.666
5760.000 0.695
5765.000 0.715
5770.000 0.461
5775.000 0.814
5780.000 0.687
5785.000 0.974
5790.000 0.676
5795.000 0.721
5800.000 0.714
5805.000 0.649
5810.000 1.165
5815.000 0.760
5820.000 0.598
5825.000 0.759
5830.000 1.395
5835.000 0.635
5840.000 0.689
5845.000 0.609
5850.000 0.596
5855.000 0.385
5860.000 0.736
5865.000 0.678
5870.000 0.604
5875.000 0.792
5880.000 0.531
5885.000 0.294
5890.000 0.741
5895.000 0.680
5900.000 0.404
5905.000 0.520
5910.000 0.473
5915.000 0.723
5920.000 0.499
5925.000 0.625
5930.000 0.959
5935.000 0.667
5940.000 0.406
5945.000 0.582
5950.000 0.704
5955.000 0.425
5960.000 0.517
5965.000 0.569
5970.000 0.711
5975.000 0.625
5980.000 0.251
5985.000 0.414
5990.000 0.445
5995.000 1.430
6000.000 1.532
6005.000 1.379
6010.000 0.446
6015.000 0.691
6020.000 1.051
6025.000 0.484
6030.000 0.419
6035.000 0.463
6040.000 0.737
6045.000 0.709
6050.000 1.372
6055.000 1.000
6060.000 0.786
6065.000 1.223
6070.000 1.259
6075.000 0.946
6080.000 0.543
6085.000 0.553
6090.000 0.548
6095.000 0.874
6100.000 0.747
6105.000 0.463
6110.000 0.723
6115.000 0.512
6120.000 0.751
6125.000 0.458
6130.000 0.581
6135.000 0.643
6140.000 0.760
6145.000 0.450
6150.000 0.325
6155.000 0.412
6160.000 0.455
6165.000 0.519
6170.000 0.381
6175.000 0.793
6180.000 0.646
6185.000 0.713
6190.000 0.485
6195.000 0.563
6200.000 0.595
6205.000 0.620
6210.000 0.778
6215.000 0.596
6220.000 0.646
6225.000 0.799
6230.000 0.661
6235.000 0.579
6240.000 0.454
6245.000 0.798
6250.000 0.537
6255.000 0.614
6260.000 0.487
6265.000 0.563
6270.000 0.696
6275.000 0.686
6280.000 0.946
6285.000 0.929
6290.000 1.520
6295.000 0.688
6300.000 0.769
6305.000 0.660
6310.000 0.444
6315.000 0.773
6320.000 0.810
6325.000 0.653
6330.000 0.603
6335.000 0.441
6340.000 0.777
6345.000 0.759
6350.000 0.645
6355.000 0.809
6360.000 0.650
6365.000 0.541
6370.000 0.533
6375.000 0.795
6380.000 0.542
6385.000 0.668
6390.000 0.843
6395.000 0.480
6400.000 0.584
6405.000 1.001
6410.000 0.703
6415.000 0.684
6420.000 0.729
6425.000 0.861
6430.000 0.413
6435.000 0.912
6440.000 0.420
6445.000 0.395
6450.000 0.466
6455.000 0.475
6460.000 0.492
6465.000 0.402
6470.000 0.761
6475.000 0.720
6480.000 0.777
6485.000 0.875
6490.000 0.764
6495.000 0.874
6500.000 0.795
6505.000 0.664
6510.000 0.711
6515.000 1.113
6520.000 0.805
6525.000 0.490
6530.000 0.672
6535.000 0.581
6540.000 0.384
6545.000 0.427
6550.000 0.952
6555.000 0.574
6560.000 0.703
6565.000 0.684
6570.000 0.666
6575.000 0.751
6580.000 0.636
6585.000 1.002
6590.000 0.613
6595.000 0.679
6600.000 0.610
6605.000 0.858
6610.000 0.742
6615.000 0.941
6620.000 0.874
6625.000 0.661
6630.000 0.587
6635.000 0.619
6640.000 0.421
6645.000 0.572
6650.000 0.626
6655.000 0.481
6660.000 0.871
6665.000 0.790
6670.000 0.827
6675.000 1.251
6680.000 0.860
6685.000 1.111
6690.000 0.510
6695.000 1.109
6700.000 0.566
6705.000 1.142
6710.000 2.624
6715.000 1.447
6720.000 1.002
6725.000 0.784
6730.000 1.018
6735.000 0.743
6740.000 0.715
6745.000 0.558
6750.000 0.745
6755.000 0.671
6760.000 0.858
6765.000 0.555
6770.000 0.495
6775.000 1.082
6780.000 0.559
6785.000 1.739
6790.000 0.819
6795.000 1.111
6800.000 0.666
6805.000 0.724
6810.000 0.768
6815.000 0.446
6820.000 0.682
6825.000 1.025
6830.000 1.198
6835.000 0.738
6840.000 0.612
6845.000 0.513
6850.000 0.378
6855.000 1.089
6860.000 0.755
6865.000 0.441
6870.000 0.749
6875.000 0.430
6880.000 0.679
6885.000 0.497
6890.000 0.813
6895.000 1.244
6900.000 0.550
6905.000 0.865
6910.000 0.505
6915.000 0.923
6920.000 0.365
6925.000 1.013
6930.000 0.503
6935.000 0.960
6940.000 0.935
6945.000 0.802
6950.000 0.460
6955.000 0.779
6960.000 0.584
6965.000 1.364
6970.000 3.711
6975.000 0.975
6980.000 1.103
6985.000 0.710
6990.000 0.686
6995.000 0.453
7000.000 0.706
7005.000 0.477
7010.000 0.685
7015.000 0.739
7020.000 0.408
7025.000 0.660
7030.000 0.457
7035.000 0.601
7040.000 0.625
7045.000 0.586
7050.000 0.605
7055.000 0.638
7060.000 0.448
7065.000 0.893
7070.000 0.585
7075.000 0.577
7080.000 0.538
7085.000 0.811
7090.000 0.533
7095.000 0.711
7100.000 0.564
7105.000 0.698
7110.000 0.630
7115.000 1.068
7120.000 0.402
7125.000 0.626
7130.000 0.537
7135.000 0.426
7140.000 0.617
7145.000 0.466
7150.000 0.489
7155.000 0.642
7160.000 0.600
7165.000 0.442
7170.000 0.560
7175.000 0.718
7180.000 0.772
7185.000 0.434
7190.000 0.760
7195.000 0.948
7200.000 0.758
7205.000 0.685
7210.000 0.867
7215.000 0.516
7220.000 0.470
7225.000 0.598
7230.000 0.830
7235.000 1.132
7240.000 1.553
7245.000 0.530
7250.000 0.315
7255.000 1.065
7260.000 0.767
7265.000 0.619
7270.000 0.855
7275.000 0.719
7280.000 0.839
7285.000 0.832
7290.000 0.838
7295.000 0.588
7300.000 0.621
7305.000 0.984
7310.000 0.862
7315.000 0.863
7320.000 0.735
7325.000 0.920
7330.000 0.777
7335.000 0.810
7340.000 0.780
7345.000 0.666
7350.000 0.769
7355.000 0.982
7360.000 0.565
7365.000 0.475
7370.000 0.826
7375.000 0.633
7380.000 1.105
7385.000 0.750
7390.000 0.650
7395.000 0.370
7400.000 0.911
7405.000 0.865
7410.000 1.195
7415.000 0.414
7420.000 0.727
7425.000 0.436
7430.000 1.161
7435.000 1.186
7440.000 0.783
7445.000 1.113
7450.000 0.735
7455.000 0.465
7460.000 0.640
7465.000 0.700
7470.000 1.404
7475.000 0.983
7480.000 0.665
7485.000 1.034
7490.000 0.495
7495.000 0.915
7500.000 1.148
7505.000 0.878
7510.000 0.640
7515.000 0.687
7520.000 0.745
7525.000 0.825
7530.000 0.758
7535.000 0.377
7540.000 0.805
7545.000 0.878
7550.000 0.595
7555.000 1.088
7560.000 0.442
7565.000 0.776
7570.000 0.745
7575.000 0.566
7580.000 0.622
7585.000 0.599
7590.000 0.705
7595.000 0.893
7600.000 0.864
7605.000 0.949
7610.000 0.711
7615.000 0.465
7620.000 0.779
7625.000 0.556
7630.000 0.953
7635.000 0.876
7640.000 0.823
7645.000 0.810
7650.000 0.895
7655.000 0.677
7660.000 0.631
7665.000 0.541
7670.000 0.594
7675.000 0.840
7680.000 0.963
7685.000 0.696
7690.000 0.698
7695.000 0.755
7700.000 0.787
7705.000 0.634
7710.000 1.152
7715.000 0.885
7720.000 0.702
7725.000 0.408
7730.000 0.745
7735.000 0.703
7740.000 0.863
7745.000 0.632
7750.000 0.599
7755.000 0.795
7760.000 0.565
7765.000 0.568
7770.000 0.584
7775.000 0.890
7780.000 0.566
7785.000 0.540
7790.000 0.686
7795.000 0.602
7800.000 0.752
7805.000 0.501
7810.000 0.432
7815.000 0.772
7820.000 1.103
7825.000 0.762
7830.000 0.969
7835.000 0.517
7840.000 0.892
7845.000 0.684
7850.000 0.617
7855.000 0.717
7860.000 0.764
7865.000 0.644
7870.000 0.631
7875.000 0.666
7880.000 1.035
7885.000 1.083
7890.000 0.623
7895.000 0.953
7900.000 0.784
7905.000 0.658
7910.000 0.751
7915.000 0.776
7920.000 0.691
7925.000 0.791
7930.000 0.816
7935.000 0.739
7940.000 0.830
7945.000 0.643
7950.000 0.870
7955.000 1.220
7960.000 0.990
7965.000 0.402
7970.000 0.963
7975.000 0.683
7980.000 1.305
7985.000 1.008
7990.000 1.060
7995.000 0.583
8000.000 0.751
8005.000 0.662
8010.000 0.638
8015.000 0.503
8020.000 0.846
8025.000 1.289
8030.000 1.167
8035.000 0.445
8040.000 0.512
8045.000 0.802
8050.000 0.734
8055.000 0.497
8060.000 0.968
8065.000 0.724
8070.000 0.836
8075.000 1.013
8080.000 0.796
8085.000 1.024
8090.000 0.807
8095.000 0.931
8100.000 0.682
8105.000 0.559
8110.000 0.930
8115.000 1.206
8120.000 0.680
8125.000 1.026
8130.000 0.767
8135.000 0.654
8140.000 0.785
8145.000 0.599
8150.000 0.866
8155.000 0.553
8160.000 0.525
8165.000 0.762
8170.000 0.828
8175.000 0.671
8180.000 0.848
8185.000 0.757
8190.000 0.451
8195.000 0.289
8200.000 1.286
8205.000 0.675
8210.000 0.547
8215.000 0.579
8220.000 0.918
8225.000 0.644
8230.000 0.525
8235.000 1.147
8240.000 1.023
8245.000 0.779
8250.000 0.409
8255.000 0.793
8260.000 0.665
8265.000 0.579
8270.000 0.847
8275.000 0.695
8280.000 0.752
8285.000 0.622
8290.000 0.843
8295.000 0.738
8300.000 0.746
8305.000 0.816
8310.000 0.845
8315.000 0.826
8320.000 0.738
8325.000 0.610
8330.000 1.081
8335.000 0.472
8340.000 0.677
8345.000 0.634
8350.000 0.455
8355.000 0.731
8360.000 0.802
8365.000 0.756
8370.000 0.763
8375.000 0.681
8380.000 0.836
8385.000 0.715
8390.000 0.641
8395.000 0.757
8400.000 0.896
8405.000 0.730
8410.000 0.607
8415.000 0.711
8420.000 1.037
8425.000 0.491
8430.000 0.938
8435.000 0.880
8440.000 0.572
8445.000 0.358
8450.000 0.725
8455.000 0.854
8460.000 0.855
8465.000 0.949
8470.000 0.914
8475.000 1.066
8480.000 1.014
8485.000 0.820
8490.000 2.244
8495.000 2.390
8500.000 1.384
8505.000 1.848
8510.000 1.147
8515.000 0.691
8520.000 0.670
8525.000 1.266
8530.000 0.966
8535.000 0.688
8540.000 1.276
8545.000 1.335
8550.000 0.562
8555.000 0.753
8560.000 0.705
8565.000 0.786
8570.000 0.954
8575.000 0.891
8580.000 0.562
8585.000 0.751
8590.000 0.861
8595.000 0.998
8600.000 0.612
8605.000 0.794
8610.000 0.668
8615.000 1.577
8620.000 0.604
8625.000 0.671
8630.000 0.999
8635.000 0.641
8640.000 0.678
8645.000 0.790
8650.000 0.774
8655.000 0.846
8660.000 0.794
8665.000 1.487
8670.000 0.734
8675.000 0.917
8680.000 0.787
8685.000 0.637
8690.000 0.411
8695.000 0.708
8700.000 0.842
8705.000 0.579
8710.000 0.836
8715.000 0.397
8720.000 0.777
8725.000 0.840
8730.000 0.877
8735.000 0.362
8740.000 0.665
8745.000 0.890
8750.000 0.717
8755.000 0.506
8760.000 0.600
8765.000 0.536
8770.000 0.817
8775.000 0.770
8780.000 1.077
8785.000 0.821
8790.000 0.861
8795.000 0.809
8800.000 0.741
8805.000 0.624
8810.000 0.646
8815.000 0.929
8820.000 0.662
8825.000 0.787
8830.000 0.785
8835.000 0.798
8840.000 0.685
8845.000 0.516
8850.000 0.960
8855.000 0.565
8860.000 0.502
8865.000 0.656
8870.000 0.842
8875.000 0.388
8880.000 0.719
8885.000 0.637
8890.000 0.738
8895.000 0.530
8900.000 0.487
8905.000 0.773
8910.000 0.512
8915.000 0.348
8920.000 1.692
8925.000 1.455
8930.000 1.509
8935.000 0.507
8940.000 0.545
8945.000 0.516
8950.000 0.526
8955.000 0.782
8960.000 0.853
8965.000 0.614
8970.000 0.801
8975.000 0.564
8980.000 0.622
8985.000 0.782
8990.000 0.424
8995.000 0.601
9000.000 0.353
9005.000 0.827
9010.000 0.882
9015.000 0.647
9020.000 0.462
9025.000 0.890
9030.000 0.737
9035.000 1.546
9040.000 0.946
9045.000 3.137
9050.000 2.800
9055.000 1.056
9060.000 0.600
9065.000 0.748
9070.000 0.385
9075.000 0.463
9080.000 0.432
9085.000 0.549
9090.000 0.673
9095.000 0.556
9100.000 0.579
9105.000 0.793
9110.000 0.423
9115.000 1.206
9120.000 0.622
9125.000 0.631
9130.000 0.744
9135.000 0.477
9140.000 1.007
9145.000 0.632
9150.000 0.533
9155.000 0.940
9160.000 0.550
9165.000 0.867
9170.000 0.475
9175.000 0.672
9180.000 0.587
9185.000 0.441
9190.000 0.698
9195.000 0.759
9200.000 0.594
9205.000 0.964
9210.000 1.749
9215.000 1.085
9220.000 1.064
9225.000 0.956
9230.000 0.599
9235.000 1.017
9240.000 1.168
9245.000 1.175
9250.000 0.727
9255.000 0.566
9260.000 0.664
9265.000 0.457
9270.000 0.394
9275.000 0.539
9280.000 0.687
9285.000 0.410
9290.000 0.920
9295.000 1.956
9300.000 0.936
9305.000 1.239
9310.000 1.165
9315.000 0.683
9320.000 0.661
9325.000 0.662
9330.000 1.358
9335.000 1.191
9340.000 0.982
9345.000 0.703
9350.000 0.861
9355.000 0.948
9360.000 0.582
9365.000 0.808
9370.000 0.766
9375.000 0.629
9380.000 0.785
9385.000 1.183
9390.000 1.066
9395.000 0.963
9400.000 0.491
9405.000 0.917
9410.000 0.669
9415.000 0.820
9420.000 0.625
9425.000 0.835
9430.000 1.050
9435.000 0.869
9440.000 1.127
9445.000 0.496
9450.000 0.805
9455.000 0.948
9460.000 0.976
9465.000 0.951
9470.000 1.067
9475.000 1.354
9480.000 1.514
9485.000 0.999
9490.000 0.936
9495.000 0.774
9500.000 0.859
9505.000 0.784
9510.000 0.809
9515.000 0.508
9520.000 0.692
9525.000 1.097
9530.000 1.554
9535.000 1.381
9540.000 2.803
9545.000 2.258
9550.000 0.588
9555.000 1.067
9560.000 0.429
9565.000 0.545
9570.000 0.858
9575.000 0.708
9580.000 0.916
9585.000 0.778
9590.000 0.446
9595.000 1.328
9600.000 0.984
9605.000 0.846
9610.000 0.753
9615.000 0.701
9620.000 1.031
9625.000 1.132
9630.000 1.049
9635.000 1.023
9640.000 1.757
9645.000 1.371
9650.000 1.564
9655.000 1.225
9660.000 0.786
9665.000 1.017
9670.000 0.832
9675.000 1.406
9680.000 1.106
9685.000 0.991
9690.000 1.190
9695.000 0.925
9700.000 0.953
9705.000 0.933
9710.000 1.271
9715.000 0.899
9720.000 1.318
9725.000 0.663
9730.000 1.215
9735.000 0.493
9740.000 0.840
9745.000 0.927
9750.000 0.422
9755.000 0.697
9760.000 0.690
9765.000 0.606
9770.000 0.504
9775.000 0.680
9780.000 0.968
9785.000 0.744
9790.000 0.698
9795.000 0.464
9800.000 0.656
9805.000 0.745
9810.000 0.553
9815.000 0.540
9820.000 0.365
9825.000 0.660
9830.000 0.401
9835.000 0.925
9840.000 0.809
9845.000 0.338
9850.000 0.699
9855.000 0.733
9860.000 0.515
9865.000 1.184
9870.000 0.858
9875.000 1.749
9880.000 1.568
9885.000 1.586
9890.000 1.048
9895.000 1.132
9900.000 1.284
9905.000 1.718
9910.000 1.419
9915.000 1.322
9920.000 1.730
9925.000 1.328
9930.000 0.979
9935.000 1.534
9940.000 1.775
9945.000 1.949
9950.000 1.526
9955.000 1.883
9960.000 1.457
9965.000 1.355
9970.000 2.239
9975.000 0.978
9980.000 1.477
9985.000 1.356
9990.000 3.637
9995.000 3.021
10000.000 2.043
