2203.000 0.299
2206.000 0.862
2209.000 0.679
2212.000 1.270
2215.000 0.733
2218.000 0.877
2221.000 0.611
2224.000 0.846
2227.000 1.184
2230.000 0.887
2233.000 0.732
2236.000 0.620
2239.000 0.994
2242.000 1.135
2245.000 1.579
2248.000 1.334
2251.000 1.444
2254.000 1.650
2257.000 1.170
2260.000 1.290
2263.000 1.155
2266.000 1.937
2269.000 1.620
2272.000 1.581
2275.000 1.180
2278.000 1.602
2281.000 1.444
2284.000 1.668
2287.000 2.155
2290.000 1.662
2293.000 1.198
2296.000 1.049
2299.000 1.810
2302.000 1.739
2305.000 1.442
2308.000 2.427
2311.000 0.938
2314.000 1.259
2317.000 1.108
2320.000 1.366
2323.000 1.702
2326.000 1.079
2329.000 0.901
2332.000 1.313
2335.000 1.916
2338.000 1.079
2341.000 1.970
2344.000 2.043
2347.000 1.820
2350.000 2.001
2353.000 0.907
2356.000 1.183
2359.000 1.321
2362.000 1.865
2365.000 1.722
2368.000 1.505
2371.000 1.310
2374.000 0.838
2377.000 1.851
2380.000 1.599
2383.000 1.222
2386.000 1.505
2389.000 1.128
2392.000 1.635
2395.000 1.989
2398.000 1.581
2401.000 1.850
2404.000 1.792
2407.000 2.301
2410.000 1.207
2413.000 1.367
2416.000 1.459
2419.000 1.525
2422.000 1.516
2425.000 0.912
2428.000 0.963
2431.000 1.343
2434.000 1.680
2437.000 1.786
2440.000 1.240
2443.000 1.464
2446.000 1.094
2449.000 1.086
2452.000 1.097
2455.000 0.991
2458.000 1.005
2461.000 0.989
2464.000 1.331
2467.000 0.698
2470.000 1.561
2473.000 1.395
2476.000 1.088
2479.000 1.180
2482.000 1.011
2485.000 1.102
2488.000 1.165
2491.000 0.627
2494.000 1.256
2497.000 0.978
2500.000 1.344
2503.000 1.196
2506.000 1.493
2509.000 0.577
2512.000 0.954
2515.000 1.566
2518.000 1.162
2521.000 1.375
2524.000 1.025
2527.000 0.839
2530.000 0.958
2533.000 1.190
2536.000 0.961
2539.000 1.015
2542.000 0.921
2545.000 0.609
2548.000 0.636
2551.000 1.134
2554.000 1.744
2557.000 1.177
2560.000 1.497
2563.000 0.933
2566.000 1.493
2569.000 1.420
2572.000 0.922
2575.000 1.766
2578.000 0.456
2581.000 0.684
2584.000 0.691
2587.000 0.783
2590.000 0.899
2593.000 1.050
2596.000 0.959
2599.000 0.850
2602.000 0.873
2605.000 1.117
2608.000 1.790
2611.000 1.538
2614.000 0.913
2617.000 1.187
2620.000 1.016
2623.000 1.362
2626.000 0.901
2629.000 0.958
2632.000 0.897
2635.000 1.431
2638.000 1.334
2641.000 0.796
2644.000 1.222
2647.000 1.502
2650.000 1.124
2653.000 0.398
2656.000 0.854
2659.000 0.751
2662.000 1.138
2665.000 1.034
2668.000 1.118
2671.000 1.510
2674.000 0.820
2677.000 0.837
2680.000 1.135
2683.000 0.835
2686.000 0.775
2689.000 0.902
2692.000 0.621
2695.000 0.815
2698.000 0.642
2701.000 0.373
2704.000 0.719
2707.000 0.637
2710.000 0.925
2713.000 1.067
2716.000 0.666
2719.000 0.575
2722.000 0.567
2725.000 1.587
2728.000 1.045
2731.000 1.470
2734.000 0.789
2737.000 0.832
2740.000 0.749
2743.000 1.049
2746.000 1.651
2749.000 1.117
2752.000 1.614
2755.000 1.060
2758.000 0.514
2761.000 0.454
2764.000 1.024
2767.000 0.684
2770.000 1.663
2773.000 0.844
2776.000 1.261
2779.000 0.964
2782.000 0.862
2785.000 1.336
2788.000 0.821
2791.000 1.035
2794.000 0.649
2797.000 1.129
2800.000 1.113
2803.000 1.401
2806.000 0.657
2809.000 1.441
2812.000 1.236
2815.000 1.325
2818.000 1.212
2821.000 1.713
2824.000 1.970
2827.000 1.580
2830.000 1.571
2833.000 1.251
2836.000 0.969
2839.000 1.260
2842.000 1.058
2845.000 0.903
2848.000 1.516
2851.000 1.351
2854.000 1.115
2857.000 0.766
2860.000 2.027
2863.000 1.040
2866.000 0.477
2869.000 1.306
2872.000 1.323
2875.000 1.083
2878.000 0.929
2881.000 1.358
2884.000 1.582
2887.000 1.228
2890.000 1.449
2893.000 1.162
2896.000 0.986
2899.000 1.128
2902.000 1.484
2905.000 0.989
2908.000 0.542
2911.000 1.126
2914.000 1.055
2917.000 1.637
2920.000 0.951
2923.000 1.315
2926.000 1.110
2929.000 0.870
2932.000 0.624
2935.000 1.155
2938.000 1.844
2941.000 1.188
2944.000 1.880
2947.000 1.904
2950.000 1.498
2953.000 0.949
2956.000 1.137
2959.000 1.168
2962.000 1.722
2965.000 1.210
2968.000 1.590
2971.000 0.552
2974.000 0.619
2977.000 1.213
2980.000 0.913
2983.000 1.369
2986.000 1.068
2989.000 0.737
2992.000 2.378
2995.000 1.253
2998.000 1.372
3001.000 1.658
3004.000 1.288
3007.000 0.945
3010.000 1.150
3013.000 1.449
3016.000 1.041
3019.000 1.208
3022.000 1.134
3025.000 1.169
3028.000 1.055
3031.000 1.122
3034.000 1.803
3037.000 1.217
3040.000 1.338
3043.000 0.651
3046.000 0.761
3049.000 1.242
3052.000 1.236
3055.000 1.540
3058.000 1.481
3061.000 1.003
3064.000 0.808
3067.000 0.654
3070.000 0.771
3073.000 0.993
3076.000 0.427
3079.000 1.251
3082.000 0.810
3085.000 1.127
3088.000 1.427
3091.000 1.514
3094.000 1.496
3097.000 0.888
3100.000 0.891
3103.000 0.816
3106.000 1.397
3109.000 1.520
3112.000 1.177
3115.000 0.839
3118.000 0.979
3121.000 1.210
3124.000 1.194
3127.000 1.046
3130.000 1.030
3133.000 1.025
3136.000 0.744
3139.000 0.890
3142.000 0.815
3145.000 1.203
3148.000 1.315
3151.000 1.303
3154.000 1.377
3157.000 0.999
3160.000 0.742
3163.000 0.637
3166.000 1.111
3169.000 0.899
3172.000 1.490
3175.000 1.651
3178.000 1.351
3181.000 0.660
3184.000 0.700
3187.000 1.699
3190.000 1.999
3193.000 1.454
3196.000 1.199
3199.000 0.971
3202.000 0.795
3205.000 0.695
3208.000 0.823
3211.000 1.149
3214.000 0.853
3217.000 0.916
3220.000 0.548
3223.000 1.467
3226.000 1.077
3229.000 1.334
3232.000 1.128
3235.000 0.664
3238.000 0.791
3241.000 0.897
3244.000 1.201
3247.000 0.909
3250.000 1.417
3253.000 0.759
3256.000 0.640
3259.000 0.700
3262.000 1.105
3265.000 1.142
3268.000 1.358
3271.000 0.689
3274.000 1.196
3277.000 0.800
3280.000 0.968
3283.000 1.774
3286.000 1.502
3289.000 1.129
3292.000 0.849
3295.000 0.957
3298.000 0.813
3301.000 1.157
3304.000 0.925
3307.000 1.124
3310.000 0.947
3313.000 1.092
3316.000 0.845
3319.000 1.206
3322.000 0.905
3325.000 0.937
3328.000 0.942
3331.000 1.145
3334.000 1.179
3337.000 0.924
3340.000 0.962
3343.000 1.439
3346.000 0.968
3349.000 1.258
3352.000 0.816
3355.000 1.665
3358.000 1.013
3361.000 1.219
3364.000 1.138
3367.000 1.183
3370.000 1.154
3373.000 0.958
3376.000 1.020
3379.000 0.647
3382.000 0.998
3385.000 1.122
3388.000 0.874
3391.000 1.302
3394.000 1.025
3397.000 0.828
3400.000 1.015
3403.000 1.133
3406.000 0.815
3409.000 1.020
3412.000 0.668
3415.000 0.833
3418.000 1.562
3421.000 1.142
3424.000 0.772
3427.000 0.950
3430.000 0.851
3433.000 0.893
3436.000 1.197
3439.000 1.361
3442.000 0.838
3445.000 0.900
3448.000 0.916
3451.000 0.730
3454.000 1.476
3457.000 1.724
3460.000 0.984
3463.000 0.704
3466.000 1.404
3469.000 1.171
3472.000 1.283
3475.000 1.156
3478.000 0.994
3481.000 0.973
3484.000 0.439
3487.000 0.738
3490.000 1.020
3493.000 1.388
3496.000 0.588
3499.000 0.721
3502.000 1.109
3505.000 0.806
3508.000 0.480
3511.000 0.746
3514.000 1.083
3517.000 1.040
3520.000 0.833
3523.000 0.649
3526.000 0.758
3529.000 0.624
3532.000 0.900
3535.000 1.007
3538.000 0.669
3541.000 0.880
3544.000 0.440
3547.000 0.864
3550.000 1.134
3553.000 0.890
3556.000 1.024
3559.000 1.195
3562.000 0.717
3565.000 0.851
3568.000 0.727
3571.000 1.069
3574.000 0.665
3577.000 0.899
3580.000 0.767
3583.000 0.525
3586.000 0.766
3589.000 1.159
3592.000 0.762
3595.000 1.110
3598.000 0.636
3601.000 0.819
3604.000 1.558
3607.000 1.438
3610.000 1.180
3613.000 0.992
3616.000 1.681
3619.000 0.789
3622.000 0.839
3625.000 0.415
3628.000 0.598
3631.000 0.907
3634.000 0.959
3637.000 1.060
3640.000 0.667
3643.000 0.440
3646.000 0.813
3649.000 0.805
3652.000 0.972
3655.000 0.889
3658.000 0.655
3661.000 0.698
3664.000 1.084
3667.000 1.022
3670.000 0.447
3673.000 0.542
3676.000 0.585
3679.000 0.896
3682.000 0.708
3685.000 0.898
3688.000 0.930
3691.000 0.873
3694.000 0.703
3697.000 0.830
3700.000 0.746
3703.000 27.541
3706.000 37.403
3709.000 0.003
3712.000 0.001
3715.000 0.119
3718.000 0.228
3721.000 0.000
3724.000 0.002
3727.000 0.015
3730.000 0.224
3733.000 0.386
3736.000 0.214
3739.000 0.162
3742.000 0.273
3745.000 0.336
3748.000 0.608
3751.000 0.402
3754.000 0.418
3757.000 0.434
3760.000 0.609
3763.000 0.611
3766.000 0.688
3769.000 0.672
3772.000 0.425
3775.000 0.514
3778.000 0.540
3781.000 0.678
3784.000 0.973
3787.000 0.601
3790.000 0.593
3793.000 0.615
3796.000 0.774
3799.000 0.773
3802.000 0.762
3805.000 0.871
3808.000 0.762
3811.000 0.883
3814.000 1.194
3817.000 0.644
3820.000 0.721
3823.000 0.549
3826.000 0.522
3829.000 0.936
3832.000 0.627
3835.000 0.681
3838.000 0.725
3841.000 0.759
3844.000 1.479
3847.000 0.886
3850.000 0.697
3853.000 0.659
3856.000 0.500
3859.000 0.859
3862.000 1.004
3865.000 0.529
3868.000 0.865
3871.000 0.674
3874.000 0.854
3877.000 0.923
3880.000 1.040
3883.000 1.547
3886.000 0.463
3889.000 0.818
3892.000 0.550
3895.000 0.965
3898.000 0.486
3901.000 0.642
3904.000 1.138
3907.000 0.977
3910.000 0.677
3913.000 0.765
3916.000 0.622
3919.000 0.940
3922.000 0.494
3925.000 0.654
3928.000 0.524
3931.000 0.788
3934.000 0.738
3937.000 0.877
3940.000 0.801
3943.000 0.912
3946.000 0.577
3949.000 1.613
3952.000 0.655
3955.000 0.760
3958.000 0.979
3961.000 0.785
3964.000 0.536
3967.000 0.418
3970.000 1.021
3973.000 0.654
3976.000 1.138
3979.000 1.424
3982.000 0.838
3985.000 0.627
3988.000 1.245
3991.000 0.695
3994.000 0.859
3997.000 0.709
4000.000 0.834
4003.000 0.841
4006.000 0.760
4009.000 1.011
4012.000 0.834
4015.000 1.075
4018.000 0.488
4021.000 0.789
4024.000 0.856
4027.000 0.490
4030.000 0.698
4033.000 0.706
4036.000 0.939
4039.000 0.809
4042.000 1.102
4045.000 0.833
4048.000 0.679
4051.000 0.614
4054.000 0.975
4057.000 1.119
4060.000 0.644
4063.000 0.625
4066.000 0.801
4069.000 0.937
4072.000 0.652
4075.000 0.539
4078.000 0.793
4081.000 0.730
4084.000 0.685
4087.000 0.829
4090.000 1.113
4093.000 0.952
4096.000 0.858
4099.000 0.518
4102.000 0.859
4105.000 0.708
4108.000 0.644
4111.000 0.762
4114.000 0.946
4117.000 0.882
4120.000 0.593
4123.000 0.906
4126.000 0.953
4129.000 1.538
4132.000 0.807
4135.000 0.655
4138.000 0.904
4141.000 1.087
4144.000 0.980
4147.000 0.529
4150.000 0.641
4153.000 0.616
4156.000 0.738
4159.000 1.331
4162.000 0.860
4165.000 0.876
4168.000 0.935
4171.000 0.742
4174.000 1.177
4177.000 0.670
4180.000 0.582
4183.000 0.678
4186.000 0.545
4189.000 0.599
4192.000 0.814
4195.000 0.903
4198.000 0.563
4201.000 0.954
4204.000 0.472
4207.000 0.582
4210.000 0.746
4213.000 0.723
4216.000 0.798
4219.000 0.843
4222.000 0.975
4225.000 0.699
4228.000 0.489
4231.000 0.796
4234.000 0.501
4237.000 0.843
4240.000 0.754
4243.000 1.015
4246.000 0.666
4249.000 0.827
4252.000 0.968
4255.000 0.496
4258.000 0.456
4261.000 0.779
4264.000 0.518
4267.000 0.495
4270.000 0.690
4273.000 0.371
4276.000 0.698
4279.000 0.914
4282.000 0.732
4285.000 0.849
4288.000 0.985
4291.000 0.621
4294.000 0.520
4297.000 0.677
4300.000 0.887
4303.000 0.346
4306.000 0.800
4309.000 0.628
4312.000 0.918
4315.000 0.402
4318.000 0.922
4321.000 0.619
4324.000 0.423
4327.000 0.821
4330.000 0.741
4333.000 0.801
4336.000 0.523
4339.000 0.487
4342.000 1.115
4345.000 0.845
4348.000 0.813
4351.000 0.957
4354.000 0.678
4357.000 1.517
4360.000 0.980
4363.000 0.656
4366.000 0.641
4369.000 1.086
4372.000 0.970
4375.000 0.931
4378.000 0.989
4381.000 0.356
4384.000 0.851
4387.000 0.452
4390.000 0.654
4393.000 0.671
4396.000 1.385
4399.000 0.816
4402.000 0.927
4405.000 0.826
4408.000 0.796
4411.000 1.052
4414.000 0.859
4417.000 1.012
4420.000 0.630
4423.000 0.879
4426.000 0.877
4429.000 0.611
4432.000 0.672
4435.000 0.714
4438.000 0.961
4441.000 0.605
4444.000 0.783
4447.000 0.931
4450.000 1.039
4453.000 0.999
4456.000 1.229
4459.000 0.649
4462.000 0.584
4465.000 0.582
4468.000 0.870
4471.000 0.821
4474.000 0.527
4477.000 0.998
4480.000 0.910
4483.000 0.851
4486.000 0.993
4489.000 0.915
4492.000 0.571
4495.000 0.615
4498.000 1.282
4501.000 0.756
4504.000 0.993
4507.000 1.143
4510.000 0.910
4513.000 1.187
4516.000 0.708
4519.000 0.882
4522.000 0.918
4525.000 1.240
4528.000 1.334
4531.000 1.219
4534.000 0.852
4537.000 0.976
4540.000 1.185
4543.000 1.172
4546.000 0.897
4549.000 0.710
4552.000 1.004
4555.000 0.720
4558.000 0.828
4561.000 0.812
4564.000 0.867
4567.000 0.809
4570.000 0.756
4573.000 0.626
4576.000 0.584
4579.000 0.913
4582.000 0.794
4585.000 1.025
4588.000 1.088
4591.000 0.698
4594.000 1.138
4597.000 0.816
4600.000 1.181
4603.000 1.111
4606.000 0.902
4609.000 1.301
4612.000 0.878
4615.000 1.283
4618.000 0.872
4621.000 0.714
4624.000 1.019
4627.000 0.982
4630.000 1.202
4633.000 0.924
4636.000 1.052
4639.000 1.936
4642.000 1.378
4645.000 0.851
4648.000 1.622
4651.000 0.851
4654.000 0.937
4657.000 0.978
4660.000 0.803
4663.000 0.584
4666.000 1.029
4669.000 0.744
4672.000 1.206
4675.000 1.032
4678.000 1.186
4681.000 0.865
4684.000 1.323
4687.000 0.859
4690.000 1.019
4693.000 0.807
4696.000 0.966
4699.000 0.794
4702.000 1.183
4705.000 0.925
4708.000 0.988
4711.000 0.756
4714.000 0.788
4717.000 1.147
4720.000 1.301
4723.000 0.561
4726.000 0.954
4729.000 0.682
4732.000 1.262
4735.000 1.167
4738.000 1.232
4741.000 1.493
4744.000 0.952
4747.000 0.940
4750.000 0.949
4753.000 0.866
4756.000 1.660
4759.000 1.930
4762.000 1.524
4765.000 1.669
4768.000 1.364
4771.000 0.910
4774.000 0.916
4777.000 0.771
4780.000 0.761
4783.000 1.349
4786.000 1.455
4789.000 1.321
4792.000 0.852
4795.000 0.828
4798.000 1.085
4801.000 1.286
4804.000 1.617
4807.000 0.992
4810.000 0.450
4813.000 0.839
4816.000 1.281
4819.000 1.677
4822.000 1.334
4825.000 1.136
4828.000 1.364
4831.000 1.443
4834.000 3.795
4837.000 2.743
4840.000 2.624
4843.000 1.644
4846.000 0.949
4849.000 1.939
4852.000 1.628
4855.000 1.115
4858.000 1.430
4861.000 1.383
4864.000 1.223
4867.000 1.406
4870.000 1.603
4873.000 2.572
4876.000 1.887
4879.000 1.618
4882.000 1.518
4885.000 1.246
4888.000 1.283
4891.000 0.966
4894.000 0.911
4897.000 1.670
4900.000 0.585
4903.000 1.460
4906.000 1.365
4909.000 1.078
4912.000 1.091
4915.000 1.064
4918.000 1.029
4921.000 0.920
4924.000 1.122
4927.000 1.472
4930.000 1.224
4933.000 1.194
4936.000 1.281
4939.000 1.098
4942.000 1.000
4945.000 1.370
4948.000 1.440
4951.000 1.427
4954.000 1.321
4957.000 1.778
4960.000 0.880
4963.000 1.445
4966.000 1.312
4969.000 1.154
4972.000 1.307
4975.000 1.788
4978.000 1.237
4981.000 1.430
4984.000 0.858
4987.000 1.065
4990.000 1.487
4993.000 1.534
4996.000 1.100
4999.000 1.387
5002.000 0.889
5005.000 1.168
5008.000 1.300
5011.000 0.756
5014.000 0.611
5017.000 1.160
5020.000 0.995
5023.000 1.244
5026.000 1.533
5029.000 1.095
5032.000 1.810
5035.000 0.862
5038.000 1.219
5041.000 1.263
5044.000 0.878
5047.000 1.157
5050.000 1.481
5053.000 1.667
5056.000 1.459
5059.000 1.423
5062.000 1.385
5065.000 1.233
5068.000 0.921
5071.000 1.005
5074.000 1.379
5077.000 1.161
5080.000 1.160
5083.000 1.273
5086.000 1.253
5089.000 1.648
5092.000 1.574
5095.000 1.678
5098.000 1.383
5101.000 1.504
5104.000 1.070
5107.000 1.184
5110.000 1.378
5113.000 1.746
5116.000 1.690
5119.000 1.429
5122.000 1.768
5125.000 1.254
5128.000 1.568
5131.000 1.524
5134.000 1.267
5137.000 1.301
5140.000 1.098
5143.000 1.146
5146.000 1.752
5149.000 1.466
5152.000 1.334
5155.000 1.916
5158.000 1.243
5161.000 1.327
5164.000 1.653
5167.000 1.597
5170.000 1.851
5173.000 1.621
5176.000 1.172
5179.000 1.126
5182.000 0.998
5185.000 0.721
5188.000 1.111
5191.000 1.286
5194.000 1.480
5197.000 1.379
5200.000 1.454
