#alpha/Grad #A1     #A2     #A3     #f1=2317hz  #f2=ca.3700Hz  #f3=4981Hz
00        1.108     37.403      1.430
10        0.955     14.936      1.110
20        1.036     40.563      1.620
30        1.263     40.602      0.979
40        1.657     33.811      1.431
50        1.138     37.105      0.859
60        2.527     35.193      1.367
70        1.155     11.244      0.568
80        19.068    0.680       0.636
90        26.349    0.650       0.720
100       26.963    0.620       0.619
110       30.937    0.871       0.733
120       31.721    33.942      0.727
130       32.458    35.387      1.098
140       31.932    35.877      24.252
150       30.197    42.939      39.943
160       34.008    31.980      32.041
170       27.654    36.204      43.898
180       27.319    15.981      39.360
