#zylinder #f_1/kHz  #a_1/µs #b_1/µs  #A_1/V #f_2/kHz  #a_2/µs #b_2/µs #A_2/V
1         6.88      13.5     145.5   0.758  10.28     35.6    97.2    0.616
2         6.90      12.6     144.4   0.904  8.61      56.8    116.2   0.609
3         6.91      11.8     145.3   0.591  8.06      62.2    124.2   0.489
4         6.91      11.4     145.0   0.454  7.77      73.2    128.8   0.445
5         6.92      10.4     145.2   0.410  7.61      70.6    132.2   0.396
6         6.91      17.0     144.8   0.370  7.49      70.6    133.2   0.356
7         6.91      17.8     145.5   0.328  7.41      72.2    134.8   0.319
8         6.91      18.8     144.6   0.290  7.34      81.4    136.3   0.284
9         6.92      7.4      144.0   0.389  7.30      83.4    137.2   0.388
10        6.92      0        143.4   0.371  7.26      78.4    138.2   0.371
11        6.92      10.6     148.8   0.345  7.23      73.6    138.0   0.336
12        6.92      13.6     144.6   0.327  7.21      78.0    137.8   0.321
